144.0 144.00099964 0.0
144.0 144.00099856 0.01
144.0 144.000996761 0.02
144.0 144.000994243 0.03
144.0 144.000991007 0.04
144.0 144.000987055 0.05
144.0 144.000982389 0.06
144.0 144.000977009 0.07
144.0 144.000970918 0.08
144.0 144.00096412 0.09
144.0 144.000956615 0.1
144.0 144.000948408 0.11
144.0 144.000939501 0.12
144.0 144.000929899 0.13
144.0 144.000919605 0.14
144.0 144.000908623 0.15
144.0 144.000896958 0.16
144.0 144.000884613 0.17
144.0 144.000871595 0.18
144.0 144.000857909 0.19
144.0 144.000843559 0.2
144.0 144.000828552 0.21
144.0 144.000812893 0.22
144.0 144.000796589 0.23
144.0 144.000779647 0.24
144.0 144.000762073 0.25
144.0 144.000743874 0.26
144.0 144.000725057 0.27
144.0 144.00070563 0.28
144.0 144.000685602 0.29
144.0 144.000664979 0.3
144.0 144.00064377 0.31
144.0 144.000621983 0.32
144.0 144.000599628 0.33
144.0 144.000576713 0.34
144.0 144.000553247 0.35
144.0 144.00052924 0.36
144.0 144.000504701 0.37
144.0 144.00047964 0.38
144.0 144.000454068 0.39
144.0 144.000427994 0.4
144.0 144.000401429 0.41
144.0 144.000374383 0.42
144.0 144.000346867 0.43
144.0 144.000318893 0.44
144.0 144.000290471 0.45
144.0 144.000261613 0.46
144.0 144.00023233 0.47
144.0 144.000202635 0.48
144.0 144.000172538 0.49
144.0 144.000142052 0.5
144.0 144.00011119 0.51
144.0 144.000079963 0.52
144.0 144.000048384 0.53
144.0 144.000016466 0.54
144.0 143.999984221 0.55
144.0 143.999951662 0.56
144.0 143.999918803 0.57
144.0 143.999885657 0.58
144.0 143.999852236 0.59
144.0 143.999818554 0.6
144.0 143.999784625 0.61
144.0 143.999750462 0.62
144.0 143.999716078 0.63
144.0 143.999681489 0.64
144.0 143.999646706 0.65
144.0 143.999611745 0.66
144.0 143.99957662 0.67
144.0 143.999541343 0.68
144.0 143.999505931 0.69
144.0 143.999470395 0.7
144.0 143.999434752 0.71
144.0 143.999399015 0.72
144.0 143.999363198 0.73
144.0 143.999327316 0.74
144.0 143.999291383 0.75
144.0 143.999255413 0.76
144.0 143.999219421 0.77
144.0 143.999183422 0.78
144.0 143.999147429 0.79
144.0 143.999111457 0.8
144.0 143.999075521 0.81
144.0 143.999039634 0.82
144.0 143.999003811 0.83
144.0 143.998968067 0.84
144.0 143.998932416 0.85
144.0 143.998896872 0.86
144.0 143.998861449 0.87
144.0 143.998826161 0.88
144.0 143.998791023 0.89
144.0 143.998756049 0.9
144.0 143.998721252 0.91
144.0 143.998686646 0.92
144.0 143.998652246 0.93
144.0 143.998618065 0.94
144.0 143.998584117 0.95
144.0 143.998550415 0.96
144.0 143.998516973 0.97
144.0 143.998483805 0.98
144.0 143.998450922 0.99
144.0 143.998418339 1.0
144.0 143.998386069 1.01
144.0 143.998354125 1.02
144.0 143.998322519 1.03
144.0 143.998291264 1.04
144.0 143.998260372 1.05
144.0 143.998229856 1.06
144.0 143.998199728 1.07
144.0 143.99817 1.08
144.0 143.998140685 1.09
144.0 143.998111793 1.1
144.0 143.998083336 1.11
144.0 143.998055326 1.12
144.0 143.998027774 1.13
144.0 143.99800069 1.14
144.0 143.997974087 1.15
144.0 143.997947974 1.16
144.0 143.997922361 1.17
144.0 143.99789726 1.18
144.0 143.997872679 1.19
144.0 143.99784863 1.2
144.0 143.997825121 1.21
144.0 143.997802162 1.22
144.0 143.997779762 1.23
144.0 143.99775793 1.24
144.0 143.997736675 1.25
144.0 143.997716006 1.26
144.0 143.99769593 1.27
144.0 143.997676455 1.28
144.0 143.99765759 1.29
144.0 143.997639342 1.3
144.0 143.997621718 1.31
144.0 143.997604726 1.32
144.0 143.997588371 1.33
144.0 143.997572662 1.34
144.0 143.997557603 1.35
144.0 143.997543201 1.36
144.0 143.997529461 1.37
144.0 143.99751639 1.38
144.0 143.997503993 1.39
144.0 143.997492274 1.4
144.0 143.997481237 1.41
144.0 143.997470889 1.42
144.0 143.997461232 1.43
144.0 143.99745227 1.44
144.0 143.997444008 1.45
144.0 143.997436448 1.46
144.0 143.997429593 1.47
144.0 143.997423446 1.48
144.0 143.99741801 1.49
144.0 143.997413287 1.5
144.0 143.997409279 1.51
144.0 143.997405986 1.52
144.0 143.997403412 1.53
144.0 143.997401556 1.54
144.0 143.997400419 1.55
144.0 143.997400002 1.56
144.0 143.997400305 1.57
144.0 143.997401328 1.58
144.0 143.997403071 1.59
144.0 143.997405532 1.6
144.0 143.997408711 1.61
144.0 143.997412606 1.62
144.0 143.997417217 1.63
144.0 143.99742254 1.64
144.0 143.997428575 1.65
144.0 143.997435318 1.66
144.0 143.997442767 1.67
144.0 143.997450918 1.68
144.0 143.99745977 1.69
144.0 143.997469317 1.7
144.0 143.997479557 1.71
144.0 143.997490485 1.72
144.0 143.997502096 1.73
144.0 143.997514387 1.74
144.0 143.997527352 1.75
144.0 143.997540986 1.76
144.0 143.997555284 1.77
144.0 143.997570239 1.78
144.0 143.997585847 1.79
144.0 143.9976021 1.8
144.0 143.997618992 1.81
144.0 143.997636517 1.82
144.0 143.997654666 1.83
144.0 143.997673435 1.84
144.0 143.997692813 1.85
144.0 143.997712795 1.86
144.0 143.997733371 1.87
144.0 143.997754534 1.88
144.0 143.997776275 1.89
144.0 143.997798586 1.9
144.0 143.997821457 1.91
144.0 143.99784488 1.92
144.0 143.997868845 1.93
144.0 143.997893342 1.94
144.0 143.997918362 1.95
144.0 143.997943894 1.96
144.0 143.997969929 1.97
144.0 143.997996456 1.98
144.0 143.998023464 1.99
144.0 143.998050943 2.0
144.0 143.998078881 2.01
144.0 143.998107268 2.02
144.0 143.998136092 2.03
144.0 143.998165342 2.04
144.0 143.998195005 2.05
144.0 143.998225071 2.06
144.0 143.998255526 2.07
144.0 143.998286359 2.08
144.0 143.998317558 2.09
144.0 143.998349109 2.1
144.0 143.998381001 2.11
144.0 143.998413221 2.12
144.0 143.998445755 2.13
144.0 143.998478591 2.14
144.0 143.998511715 2.15
144.0 143.998545115 2.16
144.0 143.998578777 2.17
144.0 143.998612687 2.18
144.0 143.998646832 2.19
144.0 143.998681198 2.2
144.0 143.998715772 2.21
144.0 143.99875054 2.22
144.0 143.998785487 2.23
144.0 143.9988206 2.24
144.0 143.998855865 2.25
144.0 143.998891268 2.26
144.0 143.998926794 2.27
144.0 143.998962429 2.28
144.0 143.99899816 2.29
144.0 143.999033971 2.3
144.0 143.999069848 2.31
144.0 143.999105778 2.32
144.0 143.999141745 2.33
144.0 143.999177736 2.34
144.0 143.999213735 2.35
144.0 143.999249729 2.36
144.0 143.999285703 2.37
144.0 143.999321643 2.38
144.0 143.999357534 2.39
144.0 143.999393362 2.4
144.0 143.999429113 2.41
144.0 143.999464772 2.42
144.0 143.999500325 2.43
144.0 143.999535758 2.44
144.0 143.999571057 2.45
144.0 143.999606207 2.46
144.0 143.999641195 2.47
144.0 143.999676007 2.48
144.0 143.999710628 2.49
143.999999999 143.999745045 2.5
143.999999999 143.999779243 2.51
143.999999999 143.99981321 2.52
143.999999999 143.999846932 2.53
143.999999999 143.999880395 2.54
143.999999999 143.999913586 2.55
143.999999999 143.999946492 2.56
143.999999999 143.999979098 2.57
143.999999999 144.000011394 2.58
143.999999999 144.000043364 2.59
143.999999999 144.000074998 2.6
143.999999999 144.000106281 2.61
143.999999999 144.000137202 2.62
143.999999999 144.000167748 2.63
143.999999999 144.000197907 2.64
143.999999999 144.000227666 2.65
143.999999999 144.000257015 2.66
143.999999999 144.000285941 2.67
143.999999999 144.000314433 2.68
143.999999999 144.000342478 2.69
143.999999999 144.000370067 2.7
143.999999999 144.000397188 2.71
143.999999999 144.00042383 2.72
143.999999999 144.000449982 2.73
143.999999999 144.000475635 2.74
143.999999999 144.000500777 2.75
143.999999999 144.000525399 2.76
143.999999999 144.00054949 2.77
143.999999999 144.000573042 2.78
143.999999999 144.000596045 2.79
143.999999999 144.000618489 2.8
143.999999999 144.000640366 2.81
143.999999999 144.000661667 2.82
143.999999999 144.000682383 2.83
143.999999999 144.000702506 2.84
143.999999999 144.000722029 2.85
143.999999999 144.000740942 2.86
143.999999999 144.000759239 2.87
143.999999999 144.000776913 2.88
143.999999999 144.000793955 2.89
143.999999999 144.00081036 2.9
143.999999999 144.000826121 2.91
143.999999999 144.000841232 2.92
143.999999999 144.000855686 2.93
143.999999999 144.000869478 2.94
143.999999999 144.000882602 2.95
143.999999999 144.000895053 2.96
143.999999999 144.000906826 2.97
143.999999999 144.000917916 2.98
143.999999999 144.000928319 2.99
143.999999999 144.000938031 3.0
143.999999999 144.000947047 3.01
143.999999999 144.000955365 3.02
143.999999999 144.000962981 3.03
143.999999999 144.000969891 3.04
143.999999999 144.000976094 3.05
143.999999999 144.000981586 3.06
143.999999999 144.000986366 3.07
143.999999999 144.000990431 3.08
143.999999999 144.00099378 3.09
143.999999999 144.000996411 3.1
143.999999999 144.000998324 3.11
143.999999999 144.000999517 3.12
143.999999999 144.000999991 3.13
143.999999999 144.000999745 3.14
143.999999999 144.000998779 3.15
143.999999999 144.000997093 3.16
143.999999999 144.000994689 3.17
143.999999999 144.000991566 3.18
143.999999999 144.000987727 3.19
143.999999999 144.000983173 3.2
143.999999999 144.000977906 3.21
143.999999999 144.000971928 3.22
143.999999999 144.00096524 3.23
143.999999999 144.000957847 3.24
143.999999999 144.000949751 3.25
143.999999999 144.000940955 3.26
143.999999999 144.000931462 3.27
143.999999999 144.000921277 3.28
143.999999999 144.000910403 3.29
143.999999999 144.000898845 3.3
143.999999999 144.000886608 3.31
143.999999999 144.000873696 3.32
143.999999999 144.000860115 3.33
143.999999999 144.000845869 3.34
143.999999999 144.000830966 3.35
143.999999999 144.000815409 3.36
143.999999999 144.000799207 3.37
143.999999999 144.000782365 3.38
143.999999999 144.00076489 3.39
143.999999999 144.00074679 3.4
143.999999999 144.00072807 3.41
143.999999999 144.000708739 3.42
143.999999999 144.000688805 3.43
143.999999999 144.000668275 3.44
143.999999999 144.000647158 3.45
143.999999999 144.000625462 3.46
143.999999999 144.000603196 3.47
143.999999999 144.000580369 3.48
143.999999999 144.00055699 3.49
143.999999999 144.000533067 3.5
143.999999999 144.000508612 3.51
143.999999999 144.000483633 3.52
143.999999999 144.000458141 3.53
143.999999999 144.000432145 3.54
143.999999999 144.000405657 3.55
143.999999999 144.000378686 3.56
143.999999999 144.000351244 3.57
143.999999999 144.000323342 3.58
143.999999999 144.00029499 3.59
143.999999999 144.0002662 3.6
143.999999999 144.000236983 3.61
143.999999999 144.000207352 3.62
143.999999999 144.000177318 3.63
143.999999999 144.000146893 3.64
143.999999999 144.000116089 3.65
143.999999999 144.000084919 3.66
143.999999999 144.000053395 3.67
143.999999999 144.00002153 3.68
143.999999999 143.999989335 3.69
143.999999999 143.999956826 3.7
143.999999999 143.999924013 3.71
143.999999999 143.999890911 3.72
143.999999999 143.999857532 3.73
143.999999999 143.999823891 3.74
143.999999999 143.99979 3.75
143.999999999 143.999755873 3.76
143.999999999 143.999721523 3.77
143.999999999 143.999686965 3.78
143.999999999 143.999652213 3.79
143.999999999 143.999617279 3.8
143.999999999 143.999582178 3.81
143.999999999 143.999546925 3.82
143.999999999 143.999511533 3.83
143.999999999 143.999476016 3.84
143.999999999 143.999440389 3.85
143.999999999 143.999404665 3.86
143.999999999 143.99936886 3.87
143.999999999 143.999332987 3.88
143.999999999 143.999297061 3.89
143.999999999 143.999261097 3.9
143.999999999 143.999225107 3.91
143.999999999 143.999189108 3.92
143.999999999 143.999153113 3.93
143.999999999 143.999117137 3.94
143.999999999 143.999081194 3.95
143.999999999 143.999045299 3.96
143.999999999 143.999009465 3.97
143.999999999 143.998973708 3.98
143.999999999 143.998938041 3.99
143.999999999 143.998902479 4.0
143.999999999 143.998867036 4.01
143.999999999 143.998831726 4.02
143.999999999 143.998796563 4.03
143.999999999 143.998761562 4.04
143.999999999 143.998726736 4.05
143.999999999 143.998692099 4.06
143.999999999 143.998657666 4.07
143.999999999 143.998623449 4.08
143.999999999 143.998589464 4.09
143.999999999 143.998555722 4.1
143.999999999 143.998522238 4.11
143.999999999 143.998489025 4.12
143.999999999 143.998456097 4.13
143.999999999 143.998423466 4.14
143.999999999 143.998391145 4.15
143.999999999 143.998359149 4.16
143.999999999 143.998327488 4.17
143.999999999 143.998296177 4.18
143.999999999 143.998265227 4.19
143.999999999 143.998234651 4.2
143.999999999 143.998204461 4.21
143.999999999 143.998174669 4.22
143.999999999 143.998145287 4.23
143.999999999 143.998116328 4.24
143.999999999 143.998087802 4.25
143.999999999 143.99805972 4.26
143.999999999 143.998032095 4.27
143.999999999 143.998004937 4.28
143.999999999 143.997978257 4.29
143.999999999 143.997952065 4.3
143.999999999 143.997926373 4.31
143.999999999 143.99790119 4.32
143.999999999 143.997876527 4.33
143.999999999 143.997852393 4.34
143.999999999 143.997828798 4.35
143.999999999 143.997805752 4.36
143.999999999 143.997783263 4.37
143.999999999 143.997761341 4.38
143.999999999 143.997739994 4.39
143.999999999 143.997719231 4.4
143.999999999 143.997699061 4.41
143.999999999 143.997679491 4.42
143.999999999 143.997660529 4.43
143.999999999 143.997642183 4.44
143.999999999 143.99762446 4.45
143.999999999 143.997607368 4.46
143.999999999 143.997590912 4.47
143.999999999 143.9975751 4.48
143.999999999 143.997559938 4.49
143.999999999 143.997545432 4.5
143.999999999 143.997531587 4.51
143.999999999 143.99751841 4.52
143.999999999 143.997505906 4.53
143.999999999 143.997494079 4.54
143.999999999 143.997482935 4.55
143.999999999 143.997472477 4.56
143.999999999 143.997462711 4.57
143.999999999 143.997453639 4.58
143.999999999 143.997445266 4.59
143.999999999 143.997437595 4.6
143.999999999 143.997430629 4.61
143.999999999 143.99742437 4.62
143.999999999 143.997418822 4.63
143.999999999 143.997413986 4.64
143.999999999 143.997409864 4.65
143.999999999 143.997406459 4.66
143.999999999 143.997403771 4.67
143.999999999 143.997401801 4.68
143.999999999 143.997400551 4.69
143.999999999 143.99740002 4.7
143.999999999 143.99740021 4.71
143.999999999 143.997401119 4.72
143.999999999 143.997402748 4.73
143.999999999 143.997405095 4.74
143.999999999 143.997408161 4.75
143.999999999 143.997411944 4.76
143.999999999 143.997416441 4.77
143.999999999 143.997421652 4.78
143.999999999 143.997427574 4.79
143.999999999 143.997434206 4.8
143.999999999 143.997441543 4.81
143.999999999 143.997449584 4.82
143.999999999 143.997458325 4.83
143.999999999 143.997467763 4.84
143.999999999 143.997477894 4.85
143.999999999 143.997488713 4.86
143.999999999 143.997500217 4.87
143.999999999 143.997512401 4.88
143.999999999 143.99752526 4.89
143.999999999 143.997538788 4.9
143.999999999 143.997552982 4.91
143.999999999 143.997567834 4.92
143.999999999 143.997583338 4.93
143.999999999 143.99759949 4.94
143.999999999 143.997616282 4.95
143.999999999 143.997633707 4.96
143.999999999 143.997651758 4.97
143.999999999 143.997670429 4.98
143.999999999 143.997689712 4.99
143.999999999 143.997709599 5.0
143.999999999 143.997730082 5.01
143.999999999 143.997751153 5.02
143.999999999 143.997772803 5.03
143.999999999 143.997795025 5.04
143.999999999 143.997817808 5.05
143.999999999 143.997841144 5.06
143.999999999 143.997865024 5.07
143.999999999 143.997889437 5.08
143.999999999 143.997914375 5.09
143.999999999 143.997939827 5.1
143.999999999 143.997965784 5.11
143.999999999 143.997992233 5.12
143.999999999 143.998019166 5.13
143.999999999 143.998046572 5.14
143.999999999 143.998074438 5.15
143.999999999 143.998102755 5.16
143.999999999 143.998131511 5.17
143.999999999 143.998160694 5.18
143.999999999 143.998190293 5.19
143.999999999 143.998220295 5.2
143.999999999 143.99825069 5.21
143.999999999 143.998281464 5.22
143.999999999 143.998312606 5.23
143.999999999 143.998344103 5.24
143.999999999 143.998375942 5.25
143.999999999 143.99840811 5.26
143.999999999 143.998440596 5.27
143.999999999 143.998473385 5.28
143.999999999 143.998506464 5.29
143.999999999 143.998539822 5.3
143.999999999 143.998573443 5.31
143.999999999 143.998607315 5.32
143.999999999 143.998641424 5.33
143.999999999 143.998675756 5.34
143.999999999 143.998710298 5.35
143.999999999 143.998745036 5.36
143.999999999 143.998779956 5.37
143.999999999 143.998815044 5.38
143.999999999 143.998850285 5.39
143.999999999 143.998885667 5.4
143.999999999 143.998921175 5.41
143.999999999 143.998956794 5.42
143.999999999 143.99899251 5.43
143.999999999 143.999028309 5.44
143.999999999 143.999064177 5.45
143.999999999 143.9991001 5.46
143.999999999 143.999136062 5.47
143.999999999 143.99917205 5.48
143.999999999 143.999208049 5.49
143.999999999 143.999244044 5.5
143.999999999 143.999280023 5.51
143.999999999 143.999315969 5.52
143.999999999 143.999351868 5.53
143.999999999 143.999387707 5.54
143.999999999 143.999423471 5.55
143.999999999 143.999459146 5.56
143.999999999 143.999494717 5.57
143.999999999 143.99953017 5.58
143.999999999 143.999565491 5.59
143.999999999 143.999600666 5.6
143.999999999 143.99963568 5.61
143.999999999 143.99967052 5.62
143.999999999 143.999705172 5.63
143.999999999 143.999739622 5.64
143.999999999 143.999773856 5.65
143.999999999 143.999807861 5.66
143.999999999 143.999841622 5.67
143.999999999 143.999875127 5.68
143.999999999 143.999908362 5.69
143.999999999 143.999941313 5.7
143.999999999 143.999973968 5.71
143.999999999 144.000006314 5.72
143.999999999 144.000038336 5.73
143.999999999 144.000070024 5.74
143.999999999 144.000101363 5.75
143.999999999 144.000132342 5.76
143.999999999 144.000162948 5.77
143.999999999 144.000193169 5.78
143.999999999 144.000222993 5.79
143.999999999 144.000252407 5.8
143.999999999 144.000281401 5.81
143.999999999 144.000309962 5.82
143.999999999 144.000338078 5.83
143.999999999 144.00036574 5.84
143.999999999 144.000392936 5.85
143.999999999 144.000419654 5.86
143.999999999 144.000445884 5.87
143.999999999 144.000471616 5.88
143.999999999 144.00049684 5.89
143.999999999 144.000521544 5.9
143.999999999 144.000545721 5.91
143.999999999 144.000569358 5.92
143.999999999 144.000592448 5.93
143.999999999 144.000614982 5.94
143.999999999 144.000636949 5.95
143.999999999 144.000658341 5.96
143.999999999 144.00067915 5.97
143.999999999 144.000699368 5.98
143.999999999 144.000718985 5.99
143.999999999 144.000737995 6.0
143.999999999 144.00075639 6.01
143.999999999 144.000774163 6.02
143.999999999 144.000791305 6.03
143.999999999 144.000807812 6.04
143.999999999 144.000823675 6.05
143.999999999 144.000838889 6.06
143.999999999 144.000853447 6.07
143.999999999 144.000867343 6.08
143.999999999 144.000880573 6.09
143.999999999 144.000893131 6.1
143.999999999 144.000905011 6.11
143.999999999 144.00091621 6.12
143.999999999 144.000926722 6.13
143.999999999 144.000936543 6.14
143.999999999 144.00094567 6.15
143.999999999 144.000954098 6.16
143.999999999 144.000961825 6.17
143.999999999 144.000968847 6.18
143.999999999 144.000975162 6.19
143.999999999 144.000980766 6.2
143.999999999 144.000985658 6.21
143.999999999 144.000989836 6.22
143.999999999 144.000993298 6.23
143.999999999 144.000996043 6.24
143.999999999 144.000998069 6.25
143.999999999 144.000999377 6.26
143.999999999 144.000999964 6.27
143.999999999 144.000999832 6.28
143.999999999 144.000998979 6.29
143.999999999 144.000997407 6.3
143.999999999 144.000995116 6.31
143.999999999 144.000992107 6.32
143.999999999 144.000988381 6.33
143.999999999 144.00098394 6.34
143.999999999 144.000978785 6.35
143.999999999 144.000972919 6.36
143.999999999 144.000966344 6.37
143.999999999 144.000959062 6.38
143.999999999 144.000951076 6.39
143.999999999 144.000942391 6.4
143.999999999 144.000933008 6.41
143.999999999 144.000922932 6.42
143.999999999 144.000912166 6.43
143.999999999 144.000900716 6.44
143.999999999 144.000888586 6.45
143.999999999 144.00087578 6.46
143.999999999 144.000862304 6.47
143.999999999 144.000848163 6.48
143.999999999 144.000833363 6.49
143.999999999 144.00081791 6.5
143.999999999 144.000801809 6.51
143.999999999 144.000785068 6.52
143.999999999 144.000767692 6.53
143.999999999 144.00074969 6.54
143.999999999 144.000731068 6.55
143.999999999 144.000711833 6.56
143.999999999 144.000691994 6.57
143.999999999 144.000671557 6.58
143.999999999 144.000650533 6.59
143.999999999 144.000628928 6.6
143.999999999 144.000606751 6.61
143.999999999 144.000584012 6.62
143.999999999 144.000560719 6.63
143.999999999 144.000536882 6.64
143.999999999 144.00051251 6.65
143.999999999 144.000487613 6.66
143.999999999 144.000462201 6.67
143.999999999 144.000436284 6.68
143.999999999 144.000409873 6.69
143.999999999 144.000382978 6.7
143.999999999 144.00035561 6.71
143.999999999 144.000327779 6.72
143.999999999 144.000299497 6.73
143.999999999 144.000270776 6.74
143.999999999 144.000241626 6.75
143.999999999 144.00021206 6.76
143.999999999 144.000182088 6.77
143.999999999 144.000151724 6.78
143.999999999 144.00012098 6.79
143.999999999 144.000089867 6.8
143.999999999 144.000058397 6.81
143.999999999 144.000026585 6.82
143.999999999 143.999994442 6.83
143.999999999 143.999961981 6.84
143.999999999 143.999929216 6.85
143.999999999 143.999896158 6.86
143.999999999 143.999862823 6.87
143.999999999 143.999829222 6.88
143.999999999 143.999795369 6.89
143.999999999 143.999761279 6.9
143.999999999 143.999726963 6.91
143.999999999 143.999692437 6.92
143.999999999 143.999657714 6.93
143.999999999 143.999622808 6.94
143.999999999 143.999587733 6.95
143.999999999 143.999552503 6.96
143.999999999 143.999517132 6.97
143.999999999 143.999481634 6.98
143.999999999 143.999446023 6.99
143.999999999 143.999410314 7.0
143.999999999 143.999374521 7.01
143.999999999 143.999338658 7.02
143.999999999 143.999302739 7.03
143.999999999 143.99926678 7.04
143.999999999 143.999230793 7.05
143.999999999 143.999194795 7.06
143.999999999 143.999158798 7.07
143.999999999 143.999122818 7.08
143.999999999 143.999086869 7.09
143.999999999 143.999050965 7.1
143.999999999 143.99901512 7.11
143.999999999 143.99897935 7.12
143.999999999 143.998943668 7.13
143.999999999 143.998908088 7.14
143.999999999 143.998872625 7.15
143.999999999 143.998837294 7.16
143.999999999 143.998802107 7.17
143.999999999 143.998767079 7.18
143.999999999 143.998732225 7.19
143.999999999 143.998697557 7.2
143.999999999 143.998663091 7.21
143.999999999 143.998628839 7.22
143.999999999 143.998594816 7.23
143.999999999 143.998561035 7.24
143.999999999 143.998527509 7.25
143.999999999 143.998494253 7.26
143.999999999 143.998461278 7.27
143.999999999 143.9984286 7.28
143.999999999 143.998396229 7.29
143.999999999 143.998364181 7.3
143.999999999 143.998332466 7.31
143.999999999 143.998301099 7.32
143.999999999 143.998270091 7.33
143.999999999 143.998239455 7.34
143.999999999 143.998209203 7.35
143.999999999 143.998179348 7.36
143.999999999 143.998149901 7.37
143.999999999 143.998120874 7.38
143.999999999 143.998092278 7.39
143.999999999 143.998064126 7.4
143.999999999 143.998036428 7.41
143.999999999 143.998009195 7.42
143.999999999 143.997982439 7.43
143.999999999 143.997956169 7.44
143.999999999 143.997930398 7.45
143.999999999 143.997905134 7.46
143.999999999 143.997880388 7.47
143.999999999 143.997856169 7.48
143.999999999 143.997832489 7.49
143.999999998 143.997809355 7.5
143.999999998 143.997786778 7.51
143.999999998 143.997764765 7.52
143.999999998 143.997743327 7.53
143.999999998 143.997722472 7.54
143.999999998 143.997702207 7.55
143.999999998 143.997682542 7.56
143.999999998 143.997663484 7.57
143.999999998 143.99764504 7.58
143.999999998 143.997627218 7.59
143.999999998 143.997610025 7.6
143.999999998 143.997593469 7.61
143.999999998 143.997577554 7.62
143.999999998 143.997562289 7.63
143.999999998 143.997547679 7.64
143.999999998 143.99753373 7.65
143.999999998 143.997520447 7.66
143.999999998 143.997507836 7.67
143.999999998 143.997495902 7.68
143.999999998 143.99748465 7.69
143.999999998 143.997474083 7.7
143.999999998 143.997464207 7.71
143.999999998 143.997455026 7.72
143.999999998 143.997446542 7.73
143.999999998 143.99743876 7.74
143.999999998 143.997431682 7.75
143.999999998 143.997425311 7.76
143.999999998 143.997419651 7.77
143.999999998 143.997414702 7.78
143.999999998 143.997410468 7.79
143.999999998 143.997406949 7.8
143.999999998 143.997404148 7.81
143.999999998 143.997402064 7.82
143.999999998 143.9974007 7.83
143.999999998 143.997400056 7.84
143.999999998 143.997400132 7.85
143.999999998 143.997400927 7.86
143.999999998 143.997402443 7.87
143.999999998 143.997404677 7.88
143.999999998 143.997407629 7.89
143.999999998 143.997411298 7.9
143.999999998 143.997415683 7.91
143.999999998 143.997420782 7.92
143.999999998 143.997426592 7.93
143.999999998 143.997433111 7.94
143.999999998 143.997440337 7.95
143.999999998 143.997448267 7.96
143.999999998 143.997456898 7.97
143.999999998 143.997466226 7.98
143.999999998 143.997476247 7.99
143.999999998 143.997486958 8.0
