0.1 1.0 1.9 2.71 4.0951 6.8618940391 9.99976094741 9.99999999365
0.11 1.0 1.89 2.6821 4.01449141 6.56802447839 9.090838784 9.0909090903
0.12 1.0 1.88 2.6544 3.93556736 6.2909928426 8.33331274749 8.33333333328
0.13 1.0 1.87 2.6269 3.85830061 6.02978176657 7.69230170128 7.6923076923
0.14 1.0 1.86 2.5996 3.78266416 5.78343315826 7.14285541218 7.14285714286
0.15 1.0 1.85 2.5725 3.70863125 5.55104504207 6.66666617097 6.66666666667
0.16 1.0 1.84 2.5456 3.63617536 5.33176854898 6.24999985937 6.25
0.17 1.0 1.83 2.5189 3.56527021 5.12480504792 5.88235290169 5.88235294118
0.18 1.0 1.82 2.4924 3.49588976 4.9294034128 5.55555554459 5.55555555556
0.19 1.0 1.81 2.4661 3.42800821 4.7448574199 5.26315789173 5.26315789474
0.2 1.0 1.8 2.44 3.3616 4.5705032704 4.99999999919 5.0
0.21 1.0 1.79 2.4141 3.29663981 4.40571723308 4.76190476169 4.7619047619
0.22 1.0 1.78 2.3884 3.23310256 4.24991340235 4.5454545454 4.54545454545
0.23 1.0 1.77 2.3629 3.17096341 4.10254156679 4.34782608694 4.34782608696
0.24 1.0 1.76 2.3376 3.11019776 3.96308518381 4.16666666666 4.16666666667
0.25 1.0 1.75 2.3125 3.05078125 3.83105945587 4.0 4.0
0.26 1.0 1.74 2.2876 2.99268976 3.70600950408 3.84615384615 3.84615384615
0.27 1.0 1.73 2.2629 2.93589941 3.58750863497 3.7037037037 3.7037037037
0.28 1.0 1.72 2.2384 2.88038656 3.47515669662 3.57142857143 3.57142857143
0.29 1.0 1.71 2.2141 2.82612781 3.36857851996 3.44827586207 3.44827586207
0.3 1.0 1.7 2.19 2.7731 3.2674224419 3.33333333333 3.33333333333
0.31 1.0 1.69 2.1661 2.72128021 3.17135890639 3.22580645161 3.22580645161
0.32 1.0 1.68 2.1424 2.67064576 3.08007914007 3.125 3.125
0.33 1.0 1.67 2.1189 2.62117421 2.99329389912 3.0303030303 3.0303030303
0.34 1.0 1.66 2.0956 2.57284336 2.91073228408 2.94117647059 2.94117647059
0.35 1.0 1.65 2.0725 2.52563125 2.8321406195 2.85714285714 2.85714285714
0.36 1.0 1.64 2.0496 2.47951616 2.75728139547 2.77777777778 2.77777777778
0.37 1.0 1.63 2.0269 2.43447661 2.685932268 2.7027027027 2.7027027027
0.38 1.0 1.62 2.0044 2.39049136 2.61788511561 2.63157894737 2.63157894737
0.39 1.0 1.61 1.9821 2.34753941 2.55294514933 2.5641025641 2.5641025641
0.4 1.0 1.6 1.96 2.3056 2.4909300736 2.5 2.5
0.41 1.0 1.59 1.9381 2.26465261 2.4316692955 2.43902439024 2.43902439024
0.42 1.0 1.58 1.9164 2.22467696 2.37500318 2.38095238095 2.38095238095
0.43 1.0 1.57 1.8949 2.18565301 2.32078234886 2.32558139535 2.32558139535
0.44 1.0 1.56 1.8736 2.14756096 2.26886702105 2.27272727273 2.27272727273
0.45 1.0 1.55 1.8525 2.11038125 2.21912639246 2.22222222222 2.22222222222
0.46 1.0 1.54 1.8316 2.07409456 2.17143805303 2.17391304348 2.17391304348
0.47 1.0 1.53 1.8109 2.03868181 2.12568743916 2.12765957447 2.12765957447
0.48 1.0 1.52 1.7904 2.00412416 2.08176731969 2.08333333333 2.08333333333
0.49 1.0 1.51 1.7701 1.97040301 2.03957731355 2.04081632653 2.04081632653
0.5 1.0 1.5 1.75 1.9375 1.9990234375 2.0 2.0
0.51 1.0 1.49 1.7301 1.90539701 1.96001768215 1.96078431373 1.96078431373
0.52 1.0 1.48 1.7104 1.87407616 1.92247761481 1.92307692308 1.92307692308
0.53 1.0 1.47 1.6909 1.84351981 1.8863260077 1.88679245283 1.88679245283
0.54 1.0 1.46 1.6716 1.81371056 1.85149048993 1.85185185185 1.85185185185
0.55 1.0 1.45 1.6525 1.78463125 1.81790322213 1.81818181818 1.81818181818
0.56 1.0 1.44 1.6336 1.75626496 1.78550059216 1.78571428571 1.78571428571
0.57 1.0 1.43 1.6149 1.72859501 1.75422293092 1.75438596491 1.75438596491
0.58 1.0 1.42 1.5964 1.70160496 1.72401424684 1.72413793103 1.72413793103
0.59 1.0 1.41 1.5781 1.67527861 1.69482197813 1.69491525424 1.69491525424
0.6 1.0 1.4 1.56 1.6496 1.6665967616 1.66666666667 1.66666666667
0.61 1.0 1.39 1.5421 1.62455341 1.63929221708 1.6393442623 1.6393442623
0.62 1.0 1.38 1.5244 1.60012336 1.61286474644 1.61290322581 1.61290322581
0.63 1.0 1.37 1.5069 1.57629461 1.58727334641 1.5873015873 1.5873015873
0.64 1.0 1.36 1.4896 1.55305216 1.56247943411 1.5625 1.5625
0.65 1.0 1.35 1.4725 1.53038125 1.53844668475 1.53846153846 1.53846153846
0.66 1.0 1.34 1.4556 1.50826736 1.51514088048 1.51515151515 1.51515151515
0.67 1.0 1.33 1.4389 1.48669621 1.49252976983 1.49253731343 1.49253731343
0.68 1.0 1.32 1.4224 1.46565376 1.47058293694 1.47058823529 1.47058823529
0.69 1.0 1.31 1.4061 1.44512621 1.44927167993 1.44927536232 1.44927536232
0.7 1.0 1.3 1.39 1.4251 1.4285688979 1.42857142857 1.42857142857
0.71 1.0 1.29 1.3741 1.40556181 1.40844898584 1.40845070423 1.40845070423
0.72 1.0 1.28 1.3584 1.38649856 1.38888773701 1.38888888889 1.38888888889
0.73 1.0 1.27 1.3429 1.36789741 1.36986225218 1.3698630137 1.3698630137
0.74 1.0 1.26 1.3276 1.34974576 1.35135085536 1.35135135135 1.35135135135
0.75 1.0 1.25 1.3125 1.33203125 1.33333301544 1.33333333333 1.33333333333
0.76 1.0 1.24 1.2976 1.31474176 1.31578927346 1.31578947368 1.31578947368
0.77 1.0 1.23 1.2829 1.29786541 1.29870117496 1.2987012987 1.2987012987
0.78 1.0 1.22 1.2684 1.28139056 1.28205120714 1.28205128205 1.28205128205
0.79 1.0 1.21 1.2541 1.26530581 1.26582274047 1.26582278481 1.26582278481
0.8 1.0 1.2 1.24 1.2496 1.2499999744 1.25 1.25
0.81 1.0 1.19 1.2261 1.23426221 1.23456788685 1.23456790123 1.23456790123
0.82 1.0 1.18 1.2124 1.21928176 1.21951218728 1.21951219512 1.21951219512
0.83 1.0 1.17 1.1989 1.20464821 1.20481927298 1.20481927711 1.20481927711
0.84 1.0 1.16 1.1856 1.19035136 1.19047618838 1.19047619048 1.19047619048
0.85 1.0 1.15 1.1725 1.17638125 1.17647058722 1.17647058824 1.17647058824
0.86 1.0 1.14 1.1596 1.16272816 1.1627906972 1.16279069767 1.16279069767
0.87 1.0 1.13 1.1469 1.14938261 1.14942528715 1.14942528736 1.14942528736
0.88 1.0 1.12 1.1344 1.13633536 1.13636363628 1.13636363636 1.13636363636
0.89 1.0 1.11 1.1221 1.12357741 1.12359550559 1.12359550562 1.12359550562
0.9 1.0 1.1 1.11 1.1111 1.1111111111 1.11111111111 1.11111111111
0.91 1.0 1.09 1.0981 1.09889461 1.0989010989 1.0989010989 1.0989010989
0.92 1.0 1.08 1.0864 1.08695296 1.08695652174 1.08695652174 1.08695652174
0.93 1.0 1.07 1.0749 1.07526701 1.0752688172 1.0752688172 1.0752688172
0.94 1.0 1.06 1.0636 1.06382896 1.06382978723 1.06382978723 1.06382978723
0.95 1.0 1.05 1.0525 1.05263125 1.05263157895 1.05263157895 1.05263157895
0.96 1.0 1.04 1.0416 1.04166656 1.04166666667 1.04166666667 1.04166666667
0.97 1.0 1.03 1.0309 1.03092781 1.03092783505 1.03092783505 1.03092783505
0.98 1.0 1.02 1.0204 1.02040816 1.02040816327 1.02040816327 1.02040816327
0.99 1.0 1.01 1.0101 1.01010101 1.0101010101 1.0101010101 1.0101010101
1.0 1.0 1.0 1.0 1.0 1.0 1.0 1.0
1.01 1.0 0.99 0.9901 0.99009901 0.990099009901 0.990099009901 0.990099009901
1.02 1.0 0.98 0.9804 0.98039216 0.980392156863 0.980392156863 0.980392156863
1.03 1.0 0.97 0.9709 0.97087381 0.970873786408 0.970873786408 0.970873786408
1.04 1.0 0.96 0.9616 0.96153856 0.961538461538 0.961538461538 0.961538461538
1.05 1.0 0.95 0.9525 0.95238125 0.952380952381 0.952380952381 0.952380952381
1.06 1.0 0.94 0.9436 0.94339696 0.943396226415 0.943396226415 0.943396226415
1.07 1.0 0.93 0.9349 0.93458101 0.934579439253 0.934579439252 0.934579439252
1.08 1.0 0.92 0.9264 0.92592896 0.925925925927 0.925925925926 0.925925925926
1.09 1.0 0.91 0.9181 0.91743661 0.917431192663 0.917431192661 0.917431192661
1.1 1.0 0.9 0.91 0.9091 0.9090909091 0.909090909091 0.909090909091
1.11 1.0 0.89 0.9021 0.90091541 0.900900900927 0.900900900901 0.900900900901
1.12 1.0 0.88 0.8944 0.89287936 0.892857142923 0.892857142857 0.892857142857
1.13 1.0 0.87 0.8869 0.88498861 0.884955752371 0.884955752212 0.884955752212
1.14 1.0 0.86 0.8796 0.87724016 0.877192982811 0.877192982456 0.877192982456
1.15 1.0 0.85 0.8725 0.86963125 0.869565218143 0.869565217391 0.869565217391
1.16 1.0 0.84 0.8656 0.86215936 0.862068967034 0.862068965517 0.862068965517
1.17 1.0 0.83 0.8589 0.85482221 0.85470085763 0.854700854701 0.854700854701
1.18 1.0 0.82 0.8524 0.84761776 0.847457632565 0.847457627119 0.847457627119
1.19 1.0 0.81 0.8461 0.84054421 0.840336144243 0.840336134454 0.840336134454
1.2 1.0 0.8 0.84 0.8336 0.8333333504 0.833333333333 0.833333333333
1.21 1.0 0.79 0.8341 0.82678381 0.82644630994 0.826446280992 0.826446280992
1.22 1.0 0.78 0.8284 0.82009456 0.819672179042 0.819672131148 0.819672131148
1.23 1.0 0.77 0.8229 0.81353141 0.813008207546 0.813008130081 0.813008130081
1.24 1.0 0.76 0.8176 0.80709376 0.806451735619 0.806451612903 0.806451612903
1.25 1.0 0.75 0.8125 0.80078125 0.800000190735 0.8 0.8
1.26 1.0 0.74 0.8076 0.79459376 0.793651084948 0.793650793651 0.793650793651
1.27 1.0 0.73 0.8029 0.78853141 0.787402012524 0.787401574803 0.787401574803
1.28 1.0 0.72 0.7984 0.78259456 0.78125064793 0.78125 0.78125
1.29 1.0 0.71 0.7941 0.77678381 0.775194744226 0.77519379845 0.77519379845
1.3 1.0 0.7 0.79 0.7711 0.7692321319 0.769230769231 0.769230769231
1.31 1.0 0.69 0.7861 0.76554421 0.763360718204 0.763358778626 0.763358778626
1.32 1.0 0.68 0.7824 0.76011776 0.75757848703 0.757575757576 0.757575757576
1.33 1.0 0.67 0.7789 0.75482221 0.751883499407 0.751879699248 0.751879699248
1.34 1.0 0.66 0.7756 0.74965936 0.74627389469 0.746268656716 0.746268656716
1.35 1.0 0.65 0.7725 0.74463125 0.74074789253 0.740740740741 0.740740740741
1.36 1.0 0.64 0.7696 0.73974016 0.735303795714 0.735294117647 0.735294117647
1.37 1.0 0.63 0.7669 0.73498861 0.729939993987 0.729927007299 0.729927007299
1.38 1.0 0.62 0.7644 0.73037936 0.724654968989 0.724637681159 0.724637681159
1.39 1.0 0.61 0.7621 0.72591541 0.71944730042 0.719424460432 0.719424460432
1.4 1.0 0.6 0.76 0.7216 0.7143156736 0.714285714286 0.714285714286
1.41 1.0 0.59 0.7581 0.71743661 0.709258888584 0.709219858156 0.709219858156
1.42 1.0 0.58 0.7564 0.71342896 0.704275871009 0.704225352113 0.704225352113
1.43 1.0 0.57 0.7549 0.70958101 0.699365684877 0.699300699301 0.699300699301
1.44 1.0 0.56 0.7536 0.70589696 0.694527547492 0.694444444444 0.694444444444
1.45 1.0 0.55 0.7525 0.70238125 0.689760846779 0.689655172414 0.689655172414
1.46 1.0 0.54 0.7516 0.69903856 0.685065161259 0.684931506849 0.684931506849
1.47 1.0 0.53 0.7509 0.69587381 0.68044028294 0.680272108844 0.680272108844
1.48 1.0 0.52 0.7504 0.69289216 0.675886243445 0.675675675676 0.675675675676
1.49 1.0 0.51 0.7501 0.69009901 0.671403343695 0.671140939597 0.671140939597
1.5 1.0 0.5 0.75 0.6875 0.6669921875 0.666666666667 0.666666666667
1.51 1.0 0.49 0.7501 0.68510101 0.662653719445 0.662251655629 0.662251655629
1.52 1.0 0.48 0.7504 0.68290816 0.658389267468 0.657894736842 0.657894736842
1.53 1.0 0.47 0.7509 0.68092781 0.654200590584 0.653594771242 0.653594771242
1.54 1.0 0.46 0.7516 0.67916656 0.65008993221 0.649350649351 0.649350649351
1.55 1.0 0.45 0.7525 0.67763125 0.646060079608 0.645161290323 0.645161290323
1.56 1.0 0.44 0.7536 0.67632896 0.642114429961 0.641025641026 0.641025641026
1.57 1.0 0.43 0.7549 0.67526701 0.638257063687 0.636942675159 0.636942675159
1.58 1.0 0.42 0.7564 0.67445296 0.63449282557 0.632911392405 0.632911392405
1.59 1.0 0.41 0.7581 0.67389461 0.630827414368 0.62893081761 0.62893081761
1.6 1.0 0.4 0.76 0.6736 0.6272674816 0.625 0.625
1.61 1.0 0.39 0.7621 0.67357741 0.623820740224 0.621118012422 0.621118012422
1.62 1.0 0.38 0.7644 0.67383536 0.620496083993 0.617283950617 0.617283950617
1.63 1.0 0.37 0.7669 0.67438261 0.617303718306 0.613496932515 0.613496932515
1.64 1.0 0.36 0.7696 0.67522816 0.614255303433 0.609756097561 0.609756097561
1.65 1.0 0.35 0.7725 0.67638125 0.611364111015 0.606060606061 0.606060606061
1.66 1.0 0.34 0.7756 0.67785136 0.608645194828 0.602409638554 0.602409638554
1.67 1.0 0.33 0.7789 0.67964821 0.606115576821 0.59880239521 0.59880239521
1.68 1.0 0.32 0.7824 0.68178176 0.60379444951 0.595238095238 0.595238095238
1.69 1.0 0.31 0.7861 0.68426221 0.601703395869 0.591715976331 0.591715976331
1.7 1.0 0.3 0.79 0.6871 0.5998666279 0.588235294118 0.588235294118
1.71 1.0 0.29 0.7941 0.69030581 0.598311245153 0.584795321637 0.584795321637
1.72 1.0 0.28 0.7984 0.69389056 0.597067514504 0.581395348837 0.581395348837
1.73 1.0 0.27 0.8029 0.69786541 0.596169172576 0.578034682081 0.578034682081
1.74 1.0 0.26 0.8076 0.70224176 0.595653752265 0.574712643678 0.574712643678
1.75 1.0 0.25 0.8125 0.70703125 0.595562934875 0.571428571429 0.571428571429
1.76 1.0 0.24 0.8176 0.71224576 0.595942929481 0.568181818182 0.568181818182
1.77 1.0 0.23 0.8229 0.71789741 0.596844881152 0.564971751414 0.564971751412
1.78 1.0 0.22 0.8284 0.72399856 0.598325309822 0.561797752816 0.561797752809
1.79 1.0 0.21 0.8341 0.73056181 0.600446581594 0.558659217903 0.558659217877
1.8 1.0 0.2 0.84 0.7376 0.6032774144 0.555555555646 0.555555555556
1.81 1.0 0.19 0.8461 0.74512621 0.60689342001 0.552486188161 0.552486187845
1.82 1.0 0.18 0.8524 0.75315376 0.611377684448 0.549450550535 0.549450549451
1.83 1.0 0.17 0.8589 0.76169621 0.616821388991 0.5464480911 0.546448087432
1.84 1.0 0.16 0.8656 0.77076736 0.623324474002 0.543478273099 0.54347826087
1.85 1.0 0.15 0.8725 0.78038125 0.63099634794 0.540540580733 0.540540540541
1.86 1.0 0.14 0.8796 0.79055216 0.639956644002 0.537634538868 0.537634408602
1.87 1.0 0.13 0.8869 0.80129461 0.650336026923 0.534759774777 0.534759358289
1.88 1.0 0.12 0.8944 0.81262336 0.6622770526 0.531916207607 0.531914893621
1.89 1.0 0.11 0.9021 0.82455341 0.675935083268 0.529104621037 0.529100529136
1.9 1.0 0.1 0.91 0.8371 0.6914792611 0.526328371189 0.526315789808
1.91 1.0 0.09 0.9181 0.85027861 0.709093543187 0.523598416804 0.523560212488
1.92 1.0 0.08 0.9264 0.86410496 0.728977800982 0.52094795569 0.520833360752
1.93 1.0 0.07 0.9349 0.87859501 0.751348987397 0.518474512773 0.518134954642
1.94 1.0 0.06 0.9436 0.89376496 0.776442374871 0.516459578497 0.515465963484
1.95 1.0 0.05 0.9525 0.90963125 0.804512867834 0.51570487321 0.51283758976
1.96 1.0 0.04 0.9616 0.92621056 0.835836393139 0.518467095196 0.51034348131
1.97 1.0 0.03 0.9709 0.94351981 0.870711372126 0.531028392227 0.508727616132
1.98 1.0 0.02 0.9804 0.96157616 0.909460278156 0.570690487261 0.51375565034
1.99 1.0 0.01 0.9901 0.98039701 0.952431283547 0.684609054201 0.569165767894
2.0 1.0 8.881784197e-16 1.0 1.0 1.0 1.0 1.0
