1.0 3.99945650886e-06
1.05 1.6167441039e-05
1.1 6.63675835562e-05
1.15 0.000275498734119
1.2 0.00115122913418
1.25 0.0047987304673
1.3 0.0194070102695
1.35 0.069784824375
1.4 0.183896784765
1.45 0.305928193103
1.5 0.36334251177
1.55 0.377002516764
1.6 0.381289825932
1.65 0.389968962385
1.7 0.404672178396
1.75 0.422872601022
1.8 0.441680477674
1.85 0.459261012323
1.9 0.474959670826
1.95 0.488887587644
2.0 0.501465395852
2.05 0.513127614308
2.1 0.524194589638
2.15 0.534851836691
2.2 0.545178740079
2.25 0.55518968146
2.3 0.564869519489
2.35 0.574197449424
2.4 0.583159629386
2.45 0.591753517435
2.5 0.599987250023
2.55 0.607876763695
2.6 0.61544244252
2.65 0.622706244655
2.7 0.629689666058
2.75 0.636412544118
2.8 0.642892535636
2.85 0.649145056447
2.9 0.655183488613
2.95 0.661019506807
3.0 0.66666342534
3.05 0.672124509782
3.1 0.677411228508
3.15 0.682531439726
3.2 0.687492520943
3.25 0.692301452675
3.3 0.696964869078
3.35 0.701489086771
3.4 0.70588012074
3.45 0.71014369376
3.5 0.714285243487
3.55 0.718309929679
3.6 0.722222642691
3.65 0.726028013575
3.7 0.729730425652
3.75 0.733334027129
3.8 0.736842744319
3.85 0.740260295015
3.9 0.743590201645
3.95 0.746835803938
4.0 0.750000270929
4.05 0.753086612176
4.1 0.756097688177
4.15 0.759036219962
4.2 0.76190479792
4.25 0.764705889894
4.3 0.767441848618
4.35 0.770114918553
4.4 0.772727242184
4.45 0.77528086584
4.5 0.777777745079
4.55 0.780219749693
4.6 0.782608668364
4.65 0.784946213007
4.7 0.787234022835
4.75 0.789473668159
4.8 0.791666653953
4.85 0.7938144232
4.9 0.795918360039
4.95 0.797979792719
5.0 0.799999996385
5.05 0.801980195693
5.1 0.803921567281
5.15 0.805825242097
5.2 0.807692307586
5.25 0.809523809768
5.3 0.811320755183
5.35 0.813084112742
5.4 0.814814815463
5.45 0.816513762122
5.5 0.818181818809
5.55 0.8198198204
5.6 0.82142857195
5.65 0.823008850016
5.7 0.824561403904
5.75 0.826086956856
5.8 0.827586207176
5.85 0.82905982929
5.9 0.830508474763
5.95 0.831932773258
6.0 0.833333333451
6.05 0.834710743893
6.1 0.836065573841
6.15 0.837398374037
6.2 0.838709677458
6.25 0.840000000028
6.3 0.841269841289
6.35 0.842519685052
6.4 0.843750000008
6.45 0.844961240314
6.5 0.846153846156
6.55 0.847328244275
6.6 0.848484848484
6.65 0.849624060148
6.7 0.850746268654
6.75 0.851851851849
6.8 0.852941176468
6.85 0.854014598538
6.9 0.855072463766
6.95 0.856115107911
7.0 0.857142857141
7.05 0.858156028367
7.1 0.859154929576
7.15 0.860139860138
7.2 0.86111111111
7.25 0.862068965516
7.3 0.863013698629
7.35 0.863945578231
7.4 0.864864864864
7.45 0.86577181208
7.5 0.866666666666
7.55 0.867549668874
7.6 0.868421052631
7.65 0.869281045751
7.7 0.87012987013
7.75 0.870967741935
7.8 0.871794871795
7.85 0.872611464968
7.9 0.873417721519
7.95 0.874213836478
8.0 0.875
8.05 0.875776397515
8.1 0.876543209877
8.15 0.877300613497
8.2 0.878048780488
8.25 0.878787878788
8.3 0.879518072289
8.35 0.880239520958
8.4 0.880952380952
8.45 0.881656804734
8.5 0.882352941176
8.55 0.883040935673
8.6 0.883720930233
8.65 0.884393063584
8.7 0.885057471264
8.75 0.885714285714
8.8 0.886363636364
8.85 0.887005649718
8.9 0.887640449438
8.95 0.888268156425
9.0 0.888888888889
9.05 0.889502762431
9.1 0.89010989011
9.15 0.890710382514
9.2 0.891304347826
9.25 0.891891891892
9.3 0.89247311828
9.35 0.893048128342
9.4 0.893617021277
9.45 0.89417989418
9.5 0.894736842105
9.55 0.895287958115
9.6 0.895833333333
9.65 0.896373056995
9.7 0.896907216495
9.75 0.897435897436
9.8 0.897959183673
9.85 0.89847715736
9.9 0.89898989899
9.95 0.899497487437
10.0 0.9
