0.0 1.0948375 0.895170833333 0.999999986128
0.1 1.17873576252 0.781397431962 0.999999972257
0.2 1.25085650539 0.659816580333 0.999999958385
0.3 1.31047912337 0.531643072212 0.999999944514
0.4 1.35700788813 0.39815757288 0.999999930642
0.5 1.38997790058 0.260693823174 0.999999916771
0.6 1.409059736 0.120625313208 0.999999902899
0.7 1.4140627355 -0.0206484410627 0.999999889028
0.8 1.40493691105 -0.16171588132 0.999999875156
0.9 1.38177344492 -0.301167510683 0.999999861285
1.0 1.3448037786 -0.437609976912 0.999999847413
1.1 1.29439730036 -0.569679994299 0.999999833542
1.2 1.23105765442 -0.696057965147 0.99999981967
1.3 1.1554177087 -0.815481164729 0.999999805799
1.4 1.06823323145 -0.926756357995 0.999999791927
1.5 0.970375339856 -1.02877172196 0.999999778056
1.6 0.862821796145 -1.12050795466 0.999999764184
1.7 0.746647238115 -1.20104845966 0.999999750313
1.8 0.623012441732 -1.26958850433 0.999999736441
1.9 0.493152723059 -1.32544326053 0.999999722569
2.0 0.358365595404 -1.36805464709 0.999999708698
2.1 0.219997805016 -1.39699690602 0.999999694826
2.2 0.0794318748639 -1.41198085652 0.999999680955
2.3 -0.0619277090531 -1.41285678433 0.999999667083
2.4 -0.202668530842 -1.39961593769 0.999999653212
2.5 -0.341384357086 -1.37239061474 0.99999963934
2.6 -0.47668918744 -1.33145284164 0.999999625469
2.7 -0.607231103065 -1.27721165461 0.999999611597
2.8 -0.731705774531 -1.21020901293 0.999999597726
2.9 -0.848869494223 -1.13111438391 0.999999583854
3.0 -0.957551603035 -1.04071805379 0.999999569983
3.1 -1.05666618719 -0.93992323148 0.999999556111
3.2 -1.1452229283 -0.829737023982 0.99999954224
3.3 -1.22233699832 -0.711260373757 0.999999528368
3.4 -1.28723790038 -0.585677058474 0.999999514497
3.5 -1.33927716737 -0.454241863115 0.999999500625
3.6 -1.37793484119 -0.318268042598 0.999999486754
3.7 -1.40282466797 -0.17911420019 0.999999472882
3.8 -1.41369795738 -0.0381707128127 0.999999459011
3.9 -1.4104460675 0.103154161119 0.999999445139
4.0 -1.39310149027 0.243448352527 0.999999431268
4.1 -1.36183752688 0.381310090578 0.999999417396
4.2 -1.31696655619 0.515361908684 0.999999403524
4.3 -1.25893691355 0.644264407675 0.999999389653
4.4 -1.18832841119 0.766729638608 0.999999375781
4.5 -1.10584654492 0.881533971506 0.99999936191
4.6 -1.01231544506 0.98753032144 0.999999348038
4.7 -0.908669642061 1.08365960981 0.999999334167
4.8 -0.795944728929 1.16896134627 0.999999320295
4.9 -0.675267013984 1.24258322565 0.999999306424
5.0 -0.547842267166 1.30378964385 0.999999292552
5.1 -0.414943672395 1.35196904776 0.999999278681
5.2 -0.277899106364 1.38664004569 0.999999264809
5.3 -0.13807787085 1.40745621724 0.999999250938
5.4 0.00312298886745 1.41420957466 0.999999237066
5.5 0.144292642806 1.40683264094 0.999999223195
5.6 0.284020572799 1.38539912403 0.999999209323
5.7 0.420910665903 1.35012318039 0.999999195452
5.8 0.553595163877 1.30135727519 0.99999918158
5.9 0.680748329345 1.23958866061 0.999999167709
6.0 0.8010996921 1.16543450738 0.999999153837
6.1 0.913446743208 1.07963573823 0.999999139966
6.2 1.01666695005 0.98304962482 0.999999126094
6.3 1.10972897229 0.876641222222 0.999999112223
6.4 1.19170296665 0.761473726382 0.999999098351
6.5 1.2617698776 0.638697851053 0.99999908448
6.6 1.31922962105 0.509540330258 0.999999070608
6.7 1.36350807937 0.37529166119 0.999999056737
6.8 1.39416283777 0.237293210009 0.999999042865
6.9 1.41088760472 0.0969238093766 0.999999028994
7.0 1.41351527237 -0.0444140183593 0.999999015122
7.1 1.40201958615 -0.185308074684 0.99999900125
7.2 1.37651540718 -0.324350595112 0.999998987379
7.3 1.33725756455 -0.460152315081 0.999998973507
7.4 1.28463830918 -0.591356351001 0.999998959636
7.5 1.21918339458 -0.716651757763 0.999998945764
7.6 1.14154682372 -0.834786627249 0.999998931893
7.7 1.05250431443 -0.944580596959 0.999998918021
7.8 0.952945548695 -1.04493664378 0.99999890415
7.9 0.843865283287 -1.13485204508 0.999998890278
8.0 0.726353410476 -1.21342839752 0.999998876407
8.1 0.60158406821 -1.27988059363 0.999998862535
8.2 0.470803908539 -1.33354466631 0.999998848664
8.3 0.335319641493 -1.37388442295 0.999998834792
8.4 0.196484978893 -1.40049680289 0.999998820921
8.5 0.0556871085306 -1.41311590467 0.999998807049
8.6 -0.0856671661323 -1.4116156428 0.999998793178
8.7 -0.226165482255 -1.39601100757 0.999998779306
8.8 -0.364404029455 -1.36645791526 0.999998765435
8.9 -0.499001576198 -1.32325165032 0.999998751563
9.0 -0.628613270581 -1.26682391493 0.999998737692
9.1 -0.751944077624 -1.19773851561 0.99999872382
9.2 -0.867761718811 -1.11668572986 0.999998709949
9.3 -0.974908984588 -1.02447540914 0.999998696077
9.4 -1.0723152968 -0.92202888711 0.999998682206
9.5 -1.15900740552 -0.810369773998 0.999998668334
9.6 -1.23411911346 -0.690613729017 0.999998654463
9.7 -1.29689993067 -0.563957313102 0.999998640591
9.8 -1.34672257319 -0.431666033279 0.99999862672
9.9 -1.38308923066 -0.295061698164 0.999998612848
10.0 -1.40563654025 -0.155509210903 0.999998598977
10.1 -1.41413921725 -0.0144029315353 0.999998585105
10.2 -1.40851230608 0.126847254966 0.999998571234
10.3 -1.38881202906 0.266830025778 0.999998557362
10.4 -1.35523522473 0.404146721676 0.999998543491
10.5 -1.30811738104 0.537425321947 0.999998529619
10.6 -1.24792928331 0.66533415315 0.999998515748
10.7 -1.17527231031 0.786595194727 0.999998501876
10.8 -1.09087242545 0.899996848546 0.999998488005
10.9 -0.995572923249 1.00440604476 0.999998474133
11.0 -0.890326003384 1.09877956307 0.999998460262
11.1 -0.776183256679 1.18217445617 0.99999844639
11.2 -0.654285157951 1.25375747141 0.999998432519
11.3 -0.525849670787 1.31281337631 0.999998418647
11.4 -0.392160078071 1.35875210495 0.999998404776
11.5 -0.25455215987 1.39111465369 0.999998390904
11.6 -0.114400846778 1.40957766736 0.999998377033
11.7 0.0268935179107 1.41395667013 0.999998363161
11.8 0.167919169946 1.40420790873 0.99999834929
11.9 0.307267029981 1.38042878959 0.999998335418
12.0 0.443544782604 1.3428569056 0.999998321547
12.1 0.57539078787 1.29186766218 0.999998307675
12.2 0.701487686333 1.22797052633 0.999998293804
12.3 0.820575561645 1.15180393622 0.999998279932
12.4 0.931464529201 1.06412892215 0.999998266061
12.5 1.03304662505 0.96582150258 0.999998252189
12.6 1.1243068763 0.857863931255 0.999998238318
12.7 1.20433344233 0.741334882882 0.999998224446
12.8 1.27232672565 0.61739867537 0.999998210575
12.9 1.32760736114 0.487293636377 0.999998196703
13.0 1.36962300406 0.352319730365 0.999998182831
13.1 1.39795384889 0.213825569807 0.99999816896
13.2 1.41231682384 0.073194940317 0.999998155088
13.3 1.41256841924 -0.0681670256519 0.999998141217
13.4 1.39870612146 -0.208847888408 0.999998127345
13.5 1.37086843793 -0.347442013624 0.999998113474
13.6 1.32933351333 -0.482564616951 0.999998099602
13.7 1.2745163504 -0.6128656003 0.999998085731
13.8 1.20696466337 -0.737043041553 0.999998071859
13.9 1.12735340542 -0.853856202917 0.999998057988
14.0 1.03647802478 -0.962137927945 0.999998044116
14.1 0.935246516837 -1.06080630335 0.999998030245
14.2 0.824670351829 -1.14887546913 0.999998016373
14.3 0.705854368528 -1.22546546889 0.999998002502
14.4 0.579985735101 -1.28981104211 0.99999798863
14.5 0.448322087329 -1.34126927033 0.999997974759
14.6 0.312178962747 -1.37932600098 0.999997960887
14.7 0.172916656247 -1.40360098462 0.999997947016
14.8 0.0319266284876 -1.41385167422 0.999997933144
14.9 -0.109382397103 -1.40997564864 0.999997919273
15.0 -0.2495985098 -1.39201163598 0.999997905401
15.1 -0.387320718904 -1.36013912662 0.99999789153
15.2 -0.521172951953 -1.3146765798 0.999997877658
15.3 -0.649817803964 -1.25607824168 0.999997863787
15.4 -0.771969900313 -1.1849296067 0.999997849915
15.5 -0.886408739755 -1.1019415675 0.999997836044
15.6 -0.991990889248 -1.0079433119 0.999997822172
15.7 -1.08766140873 -0.90387403799 0.999997808301
15.8 -1.17246439174 -0.79077356997 0.99999779443
15.9 -1.24555251645 -0.669771968568 0.999997780558
16.0 -1.30619551187 -0.542078239883 0.999997766687
16.1 -1.3537874544 -0.408968255408 0.999997752815
16.2 -1.38785282208 -0.271772003967 0.999997738944
16.3 -1.40805124575 -0.131860302927 0.999997725072
16.4 -1.41418090998 0.00936889853707 0.999997711201
16.5 -1.40618056948 0.150504487261 0.999997697329
16.6 -1.38413016107 0.290136285446 0.999997683458
16.7 -1.34825000498 0.426869140667 0.999997669586
16.8 -1.29889860345 0.559336865748 0.999997655715
16.9 -1.23656905875 0.686215889234 0.999997641843
17.0 -1.16188414622 0.806238480052 0.999997627972
17.1 -1.07559009174 0.918205414243 0.9999976141
17.2 -0.978549115721 1.02099795719 0.999997600229
17.3 -0.871730818038 1.11358904161 0.999997586357
17.4 -0.756202490172 1.19505352969 0.999997572486
17.5 -0.633118451184 1.2645774567 0.999997558614
17.6 -0.503708514161 1.32146616387 0.999997544743
17.7 -0.369265698349 1.36515123915 0.999997530871
17.8 -0.231133309756 1.39519619664 0.999997517
17.9 -0.0906915192976 1.41130083773 0.999997503128
18.0 0.0506564273845 1.41330425064 0.999997489257
18.1 0.191498230672 1.40118641815 0.999997475385
18.2 0.330426648173 1.37506841764 0.999997461514
18.3 0.466053555405 1.3352112113 0.999997447642
18.4 0.597023815446 1.28201303867 0.999997433771
18.5 0.722028818995 1.21600543763 0.999997419899
18.6 0.839819559544 1.13784793337 0.999997406028
18.7 0.949219113008 1.0483214487 0.999997392156
18.8 1.04913439715 0.948320501351 0.999997378285
18.9 1.13856709328 0.838844266197 0.999997364413
19.0 1.21662362108 0.720986591905 0.999997350542
19.1 1.282524067 0.595925071551 0.99999733667
19.2 1.33560997683 0.464909276526 0.999997322799
19.3 1.37535093476 0.329248271245 0.999997308927
19.4 1.40134986312 0.190297533437 0.999997295056
19.5 1.41334698985 0.0494454106744 0.999997281184
19.6 1.41122244402 -0.0919007515103 0.999997267313
19.7 1.39499745353 -0.232328671334 0.999997253441
19.8 1.36483413306 -0.370435241791 0.99999723957
19.9 1.32103386424 -0.504840550013 0.999997225698
20.0 1.26403428431 -0.634201664878 0.999997211827
20.1 1.19440491349 -0.757226055111 0.999997197955
20.2 1.11284146444 -0.872684503808 0.999997184084
20.3 1.020158891 -0.979423390341 0.999997170212
20.4 0.917283245401 -1.07637621694 0.999997156341
20.5 0.80524242553 -1.16257426475 0.999997142469
20.6 0.685155904481 -1.23715627297 0.999997128598
20.7 0.55822354519 -1.29937704422 0.999997114726
20.8 0.425713611814 -1.34861489033 0.999997100855
20.9 0.288950097677 -1.38437784402 0.999997086983
21.0 0.149299496385 -1.40630857446 0.999997073112
21.1 0.00815714830104 -1.4141879576 0.99999705924
21.2 -0.133066701219 -1.40793726556 0.999997045369
21.3 -0.272960992503 -1.3876189533 0.999997031497
21.4 -0.410127950383 -1.35343603453 0.999997017626
21.5 -0.543197050278 -1.3057300533 0.999997003754
21.6 -0.670838712002 -1.24497767138 0.999996989883
21.7 -0.791777584463 -1.17178590569 0.999996976011
21.8 -0.904805288531 -1.08688606308 0.99999696214
21.9 -1.00879249074 -0.991126433488 0.999996948269
22.0 -1.1027001872 -0.885463814022 0.999996934397
22.1 -1.18559008495 -0.770953949029 0.999996920526
22.2 -1.25663397706 -0.648740981445 0.999996906654
22.3 -1.3151220178 -0.520046020915 0.999996892783
22.4 -1.36046981514 -0.386154942892 0.999996878911
22.5 -1.39222426982 -0.248405540612 0.99999686504
22.6 -1.41006810254 -0.108174158328 0.999996851168
22.7 -1.41382302412 0.0331380606414 0.999996837297
22.8 -1.40345151687 0.174119173655 0.999996823425
22.9 -1.3790572095 0.313360546384 0.999996809554
23.0 -1.34088384164 0.449470927403 0.999996795682
23.1 -1.28931282853 0.581090349086 0.999996781811
23.2 -1.22485945001 0.706903715932 0.999996767939
23.3 -1.14816770203 0.825653944544 0.999996754068
23.4 -1.06000386209 0.936154523966 0.999996740196
23.5 -0.961248832822 1.03730137089 0.999996726325
23.6 -0.852889340334 1.12808386127 0.999996712453
23.7 -0.736008075189 1.20759492812 0.999996698582
23.8 -0.611772874522 1.27504012463 0.99999668471
23.9 -0.481425053428 1.32974556198 0.999996670839
24.0 -0.34626700216 1.37116464261 0.999996656967
24.1 -0.207649173108 1.39888352163 0.999996643096
24.2 -0.0669565875376 1.41262524182 0.999996629224
24.3 0.0744050030563 1.41225250087 0.999996615353
24.4 0.215023162732 1.39776902328 0.999996601481
24.5 0.353492883673 1.36931952313 0.99999658761
24.6 0.488430624534 1.32718825812 0.999996573738
24.7 0.618488134308 1.27179618943 0.999996559867
24.8 0.742365923582 1.20369677556 0.999996545996
24.9 0.858826248582 1.12357044238 0.999996532124
25.0 0.96670547828 1.03221778456 0.999996518253
25.1 1.06492572099 0.9305515663 0.999996504381
25.2 1.15250559427 0.819587601288 0.99999649051
25.3 1.22857003061 0.700434603068 0.999996476638
25.4 1.2923590207 0.574283107142 0.999996462767
25.5 1.34323520729 0.442393575552 0.999996448895
25.6 1.38069025336 0.306083802787 0.999996435024
25.7 1.40434992128 0.166715748828 0.999996421152
25.8 1.41397781206 0.0256819309255 0.999996407281
25.9 1.40947772734 -0.115608489958 0.999996393409
26.0 1.39089463061 -0.25574378899 0.999996379538
26.1 1.35841419792 -0.393323782933 0.999996365666
26.2 1.31236096266 -0.526973820294 0.999996351795
26.3 1.25319507296 -0.655358516355 0.999996337923
26.4 1.18150769402 -0.777195095884 0.999996324052
26.5 1.09801510143 -0.891266210171 0.99999631018
26.6 1.00355152434 -0.996432100356 0.999996296309
26.7 0.899060810161 -1.0916419855 0.999996282437
26.8 0.785586993978 -1.17594456163 0.999996268566
26.9 0.664263866884 -1.24849750682 0.999996254694
27.0 0.536303647552 -1.3085758974 0.999996240823
27.1 0.402984870155 -1.35557945113 0.999996226952
27.2 0.265639609703 -1.38903852499 0.99999621308
27.3 0.125640172408 -1.40861880773 0.999996199209
27.4 -0.0156146159254 -1.41412466015 0.999996185337
27.5 -0.156713386478 -1.40550106988 0.999996171466
27.6 -0.296246329328 -1.38283420103 0.999996157594
27.7 -0.432819279777 -1.34635053329 0.999996143723
27.8 -0.565067648366 -1.29641459899 0.999996129851
27.9 -0.691670055372 -1.23352534083 0.99999611598
28.0 -0.811361533579 -1.15831112662 0.999996102108
28.1 -0.922946167392 -1.07152347084 0.999996088237
28.2 -1.025309042 -0.974029525793 0.999996074365
28.3 -1.11742738324 -0.866803417261 0.999996060494
28.4 -1.19838077676 -0.750916511429 0.999996046622
28.5 -1.26736036452 -0.627526710144 0.999996032751
28.6 -1.3236769266 -0.497866881563 0.999996018879
28.7 -1.36676776763 -0.363232541762 0.999996005008
28.8 -1.39620233907 -0.224968910388 0.999995991136
28.9 -1.41168654111 -0.0844574696886 0.999995977265
29.0 -1.41306566115 0.0568978387742 0.999995963394
29.1 -1.40032591972 0.197684641826 0.999995949522
29.2 -1.37359460807 0.336496246622 0.999995935651
29.3 -1.33313881638 0.471945695828 0.999995921779
29.4 -1.27936276508 0.602679625625 0.999995907908
29.5 -1.21280376597 0.727391788043 0.999995894036
29.6 -1.13412685365 0.844836102538 0.999995880165
29.7 -1.04411814068 0.953839106399 0.999995866293
29.8 -0.943676963011 1.05331167957 0.999995852422
29.9 -0.833806894172 1.14225992678 0.99999583855
30.0 -0.715605717873 1.21979510817 0.999995824679
30.1 -0.590254459342 1.28514251927 0.999995810807
30.2 -0.459005584932 1.33764923163 0.999995796936
30.3 -0.323170487906 1.37679061657 0.999995783064
30.4 -0.184106385456 1.40217558716 0.999995769193
30.5 -0.0432027578541 1.41355050577 0.999995755321
30.6 0.0981325347495 1.41080171836 0.99999574145
30.7 0.238487319177 1.39395669005 0.999995727579
30.8 0.376459219169 1.36318373073 0.999995713707
30.9 0.510669667438 1.31879031329 0.999995699836
31.0 0.639777679834 1.26122000155 0.999995685964
31.1 0.762493253997 1.19104801826 0.999995672093
31.2 0.877590258605 1.10897549768 0.999995658221
31.3 0.983918684456 1.0158224801 0.99999564435
31.4 1.08041613496 0.912519718296 0.999995630478
31.5 1.16611844123 0.80009937773 0.999995616607
31.6 1.24016929572 0.679684723539 0.999995602735
31.7 1.30182880818 0.552478897251 0.999995588864
31.8 1.35048089834 0.41975289541 0.999995574992
31.9 1.38563945158 0.282832870219 0.999995561121
32.0 1.40695317603 0.143086879089 0.999995547249
32.1 1.41420911255 0.00191121548268 0.999995533378
32.2 1.40733476253 -0.139283542367 0.999995519507
32.3 1.3863988123 -0.279086625463 0.999995505635
32.4 1.3516104468 -0.416101169959 0.999995491764
32.5 1.30331725947 -0.548958174135 0.999995477892
32.6 1.24200177928 -0.676330176994 0.999995464021
32.7 1.16827664939 -0.796944521783 0.999995450149
32.8 1.08287850587 -0.90959607194 0.999995436278
32.9 0.986660617482 -1.0131592524 0.999995422406
33.0 0.880584360116 -1.10659929595 0.999995408535
33.1 0.765709611038 -1.18898258225 0.999995394663
33.2 0.643184158979 -1.25948596627 0.999995380792
33.3 0.514232235819 -1.31740500283 0.99999536692
33.4 0.380142284491 -1.36216098521 0.999995353049
33.5 0.242254085305 -1.39330672736 0.999995339177
33.6 0.101945369322 -1.41053103202 0.999995325306
33.7 -0.0393819474488 -1.41366180011 0.999995311435
33.8 -0.180315771514 -1.40266775028 0.999995297563
33.9 -0.319447941041 -1.37765873145 0.999995283692
34.0 -0.455388295726 -1.33888462526 0.99999526982
34.1 -0.586778566787 -1.2867328493 0.999995255949
34.2 -0.712305948318 -1.22172448619 0.999995242077
34.3 -0.830716214389 -1.1445090771 0.999995228206
34.4 -0.940826250832 -1.05585813177 0.999995214334
34.5 -1.04153587651 -0.956657419807 0.999995200463
34.6 -1.13183883594 -0.847898120443 0.999995186591
34.7 -1.21083285344 -0.730666918962 0.99999517272
34.8 -1.27772864839 -0.606135148944 0.999995158848
34.9 -1.33185782139 -0.475547088698 0.999995144977
35.0 -1.37267953271 -0.340207528866 0.999995131106
35.1 -1.39978590617 -0.201468735404 0.999995117234
35.2 -1.4129061045 -0.0607169382139 0.999995103363
35.3 -1.41190903542 0.0806415195894 0.999995089491
35.4 -1.39680466149 0.221194233367 0.99999507562
35.5 -1.36774390057 0.359536849215 0.999995061748
35.6 -1.32501711789 0.49428709578 0.999995047877
35.7 -1.26905122481 0.624098595433 0.999995034005
35.8 -1.20040541329 0.74767431681 0.999995020134
35.9 -1.11976556862 0.863779534296 0.999995006262
36.0 -1.02793741629 0.971254164972 0.999994992391
36.1 -0.925838471476 1.06902435977 0.99999497852
36.2 -0.814488871529 1.15611323297 0.999994964648
36.3 -0.695001183117 1.23165062295 0.999994950777
36.4 -0.568569285848 1.2948817865 0.999994936905
36.5 -0.436456443439 1.34517493994 0.999994923034
36.6 -0.29998268162 1.38202757174 0.999994909162
36.7 -0.160511598894 1.40507146338 0.999994895291
36.8 -0.0194367419372 1.41407636848 0.999994881419
36.9 0.12183231824 1.40895231336 0.999994867548
37.0 0.261884070234 1.38975049599 0.999994853676
37.1 0.399319165583 1.35666277446 0.999994839805
37.2 0.532764400568 1.31001974999 0.999994825933
37.3 0.660886436791 1.25028746366 0.999994812062
37.4 0.782405123423 1.17806273994 0.999994798191
37.5 0.89610628803 1.09406722334 0.999994784319
37.6 1.00085386816 0.999140168083 0.999994770448
37.7 1.09560126249 0.894230052489 0.999994756576
37.8 1.17940178809 0.780385102146 0.999994742705
37.9 1.25141813936 0.658742816395 0.999994728833
38.0 1.31093075407 0.530518602829 0.999994714962
38.1 1.35734500303 0.396993633361 0.99999470109
38.2 1.39019713135 0.259502043198 0.999994687219
38.3 1.40915889216 0.119417600627 0.999994673347
38.4 1.41404082632 -0.021860019203 0.999994659476
38.5 1.40479415545 -0.162919219352 0.999994645605
38.6 1.38151126925 -0.302350585271 0.999994631733
38.7 1.34442480243 -0.438760967185 0.999994617862
38.8 1.2939053103 -0.570787399962 0.99999460399
38.9 1.23045756626 -0.697110721388 0.999994590119
39.0 1.15471551832 -0.816468752774 0.999994576247
39.1 1.06743595489 -0.927668910209 0.999994562376
39.2 0.969490943226 -1.02960012044 0.999994548504
39.3 0.861859116031 -1.12124392234 0.999994534633
39.4 0.745615893284 -1.20168464299 0.999994520761
39.5 0.621922737025 -1.27011854681 0.99999450689
39.6 0.492015546428 -1.32586186615 0.999994493019
39.7 0.357192309123 -1.3683576333 0.999994479147
39.8 0.218800132155 -1.39718124548 0.999994465276
39.9 0.0782217821545 -1.41204470737 0.999994451404
40.0 -0.0631381307844 -1.4127995086 0.999994437533
40.1 -0.203867187481 -1.39943810767 0.999994423661
40.2 -0.342559272073 -1.37209400724 0.99999440979
40.3 -0.477828621432 -1.33104042026 0.999994395918
40.4 -0.608323671234 -1.27668754013 0.999994382047
40.5 -0.732740560315 -1.20957844211 0.999994368176
40.6 -0.849836158404 -1.13038365721 0.999994354304
40.7 -0.95844048704 -1.03989447237 0.999994340433
40.8 -1.0574684096 -0.93901502428 0.999994326561
40.9 -1.14593047359 -0.828753265496 0.99999431269
41.0 -1.22294279694 -0.710210893361 0.999994298818
41.1 -1.2877358994 -0.584572342211 0.999994284947
41.2 -1.33966239097 -0.453092948928 0.999994271075
41.3 -1.37820344034 -0.317086410038 0.999994257204
41.4 -1.40297395893 -0.177911655721 0.999994243333
41.5 -1.41372644849 -0.036959271841 0.999994229461
41.6 -1.41035347408 0.104362394295 0.99999421559
41.7 -1.39288873748 0.244641305662 0.999994201718
41.8 -1.36150674048 0.382475844098 0.999994187847
41.9 -1.31652104129 0.516488814784 0.999994173975
42.0 -1.25838112158 0.645341206703 0.999994160104
42.1 -1.18766789542 0.767745571561 0.999994146232
42.2 -1.105087905 0.882478887536 0.999994132361
42.3 -1.01146626107 0.988394779276 0.999994118489
42.4 -0.907738398741 1.08443497209 0.999994104618
42.5 -0.794940730944 1.16963986585 0.999994090747
42.6 -0.674200292935 1.24315812299 0.999994076875
42.7 -0.546723481359 1.30425517478 0.999994063004
42.8 -0.413784000352 1.35232056086 0.999994049132
42.9 -0.276710135124 1.38687402876 0.999994035261
43.0 -0.136871480203 1.40757033241 0.999994021389
43.1 0.00433474508563 1.41420268173 0.999994007518
43.2 0.145497657148 1.40670480878 0.999993993646
43.3 0.285206805179 1.38515162991 0.999993979775
43.4 0.422066263901 1.34975849717 0.999993965904
43.5 0.554708581158 1.30087904667 0.999993952032
43.6 0.68180844103 1.23900166508 0.999993938161
43.7 0.802095905924 1.16474460989 0.999993924289
43.8 0.914369105348 1.07884983201 0.999993910418
43.9 1.01750624459 0.98217556237 0.999993896546
44.0 1.11047681328 0.875687736872 0.999993882675
44.1 1.19235188194 0.760450345027 0.999993868803
44.2 1.26231338344 0.637614798965 0.999993854932
44.3 1.31966228692 0.508408428918 0.999993841061
44.4 1.36382558223 0.374122220164 0.999993827189
44.5 1.39436200524 0.236097913946 0.999993813318
44.6 1.4109664468 0.0957146012613 0.999993799446
44.7 1.41347300129 -0.0456250565398 0.999993785575
44.8 1.40185662427 -0.186508842657 0.999993771703
44.9 1.37623338276 -0.32552909522 0.999993757832
45.0 1.33685929548 -0.461296772161 0.99999374396
45.1 1.28412777483 -0.592455330036 0.999993730089
45.2 1.21856569604 -0.717694278137 0.999993716218
45.3 1.14082813282 -0.83576227246 0.999993702346
45.4 1.05169181207 -0.9454796187 0.999993688475
45.5 0.952047353124 -1.04575005934 0.999993674603
45.6 0.842890368965 -1.13557172709 0.999993660732
45.7 0.725311518408 -1.21404715517 0.99999364686
45.8 0.600485608623 -1.28039224452 0.999993632989
45.9 0.469659856859 -1.33394409819 0.999993619118
46.0 0.334141428688 -1.37416764484 0.999993605246
46.1 0.195284377258 -1.40066098495 0.999993591375
46.2 0.0544761140592 -1.41315940644 0.999993577503
46.3 -0.0868764536033 -1.41153802962 0.999993563632
46.4 -0.227360979945 -1.39581305493 0.99999354976
46.5 -0.365573792366 -1.36614160105 0.999993535889
46.6 -0.500133916467 -1.32282013503 0.999993522017
46.7 -0.629696874256 -1.26628151011 0.999993508146
46.8 -0.752968117714 -1.19709064079 0.999993494275
46.9 -0.868715963464 -1.11593885837 0.999993480403
47.0 -0.975783899325 -1.02363700347 0.999993466532
47.1 -1.07310213977 -0.921107324329 0.99999345266
47.2 -1.15969831488 -0.809374262034 0.999993438789
47.3 -1.23470718587 -0.689554214681 0.999993424917
47.4 -1.29737929032 -0.562844382693 0.999993411046
47.5 -1.34708843049 -0.430510806814 0.999993397175
47.6 -1.38333793009 -0.293875718264 0.999993383303
47.7 -1.40576559689 -0.154304327468 0.999993369432
47.8 -1.41414734162 -0.0131911833428 0.99999335556
47.9 -1.40839941699 0.128053760549 0.999993341689
48.0 -1.38857925448 0.268019233767 0.999993327817
48.1 -1.35488489045 0.405306749917 0.999993313946
48.2 -1.30765298748 0.538544579841 0.999993300074
48.3 -1.24735547055 0.666401457462 0.999993286203
48.4 -1.17459481167 0.787599881323 0.999993272332
48.5 -1.09009801027 0.900928878948 0.99999325846
48.6 -0.994709329214 1.00525610645 0.999993244589
48.7 -0.889381859229 1.09953916252 0.999993230717
48.8 -0.775167995966 1.18283600373 0.999993216846
48.9 -0.653208924814 1.25431435713 0.999993202974
49.0 -0.524723218574 1.31326003598 0.999993189103
49.1 -0.390994661903 1.3590840757 0.999993175232
49.2 -0.25335942418 1.39132861859 0.99999316136
49.3 -0.113192708968 1.40967148854 0.999993147489
49.4 0.0281049865469 1.41392941018 0.999993133617
49.5 0.169121864834 1.40405984001 0.999993119746
49.6 0.308448934212 1.38016139155 0.999993105874
49.7 0.444694087002 1.34247285 0.999993092003
49.8 0.576496008984 1.29137078637 0.999993078132
49.9 0.702537781178 1.22736579492 0.99999306426
50.0 0.821560038039 1.15109739148 0.999993050389
50.1 0.932373550599 1.06332762363 0.999993036517
50.2 1.03387110883 0.964933456577 0.999993022646
50.3 1.1250385845 0.856898010819 0.999993008774
50.4 1.20496506398 0.740300739155 0.999992994903
50.5 1.27285194981 0.616306641158 0.999992981032
50.6 1.32802093995 0.486154622907 0.99999296716
50.7 1.36992080519 0.351145118266 0.999992953289
50.8 1.39813289681 0.212627095394 0.999992939417
50.9 1.41237532957 0.0719845783318 0.999992925546
51.0 1.41250579822 -0.0693771816927 0.999992911674
51.1 1.39852299937 -0.210045747045 0.999992897803
51.2 1.37056664447 -0.34861560627 0.999992883932
51.3 1.32891606391 -0.483702217477 0.99999287006
51.4 1.27398741603 -0.613955842196 0.999992856189
51.5 1.20632952899 -0.738075031502 0.999992842317
51.6 1.12661841707 -0.854819629634 0.999992828446
51.7 1.0356505262 -0.963023165205 0.999992814574
51.8 0.934334776124 -1.06160450618 0.999992800703
51.9 0.823683478772 -1.14957866215 0.999992786832
52.0 0.704802223621 -1.22606662604 0.99999277296
52.1 0.578878831013 -1.29030415685 0.999992759089
52.2 0.44717148386 -1.34164941563 0.999992745217
52.3 0.310996156329 -1.37958937856 0.999992731346
52.4 0.171713465071 -1.4037449629 0.999992717474
52.5 0.0307150744228 -1.41387481462 0.999992703603
52.6 -0.110590208629 -1.40987771995 0.999992689732
52.7 -0.250790510754 -1.39179361668 0.99999267586
52.8 -0.388484999226 -1.35980319508 0.999992661989
52.9 -0.52229787856 -1.31422609253 0.999992648117
53.0 -0.650892136979 -1.2555176998 0.999992634246
53.1 -0.772982905375 -1.18426461095 0.999992620374
53.2 -0.88735029527 -1.10117876228 0.999992606503
53.3 -0.99285158752 -1.0070903189 0.999992592632
53.4 -1.08843264997 -0.902939380028 0.99999257876
53.5 -1.17313846996 -0.78976658582 0.999992564889
53.6 -1.2461226965 -0.668702719667 0.999992551017
53.7 -1.30665609671 -0.540957409796 0.999992537146
53.8 -1.35413384204 -0.407807043081 0.999992523274
53.9 -1.38808155152 -0.270582011831 0.999992509403
54.0 -1.40816003162 -0.13065342097 0.999992495532
54.1 -1.41416866532 0.0105806115694 0.99999248166
54.2 -1.40604741664 0.151708924352 0.999992467789
54.3 -1.38387743048 0.291321412279 0.999992453917
54.4 -1.34788022182 0.428023115866 0.999992440046
54.5 -1.29841546248 0.560448159195 0.999992426174
54.6 -1.23597738734 0.68727339727 0.999992412303
54.7 -1.16118985615 0.807231636426 0.999992398432
54.8 -1.07480012012 0.919124295681 0.99999238456
54.9 -0.977671355668 1.02183338255 0.999992370689
55.0 -0.870774039829 1.11433266361 0.999992356817
55.1 -0.755176253605 1.19569791832 0.999992342946
55.2 -0.632033010058 1.26511617346 0.999992329075
55.3 -0.502574713829 1.32189382608 0.999992315203
55.4 -0.368094867351 1.36546357377 0.999992301332
55.5 -0.229937146628 1.39539008292 0.99999228746
55.6 -0.0894819756875 1.41137433844 0.999992273589
55.7 0.0518672661369 1.41325663138 0.999992259717
55.8 0.192698266286 1.40101815472 0.999992245846
55.9 0.33160389031 1.37478119127 0.999992231975
56.0 0.467196241471 1.33480789186 0.999992218103
56.1 0.598120528118 1.28149765599 0.999992204232
56.2 0.723068600302 1.21538314123 0.99999219036
56.3 0.840792020353 1.13712494102 0.999992176489
56.4 0.950114536829 1.0475049843 0.999992162617
56.5 1.04994383722 0.947418722726 0.999992148746
56.6 1.13928246195 0.837866183608 0.999992134875
56.7 1.21723777065 0.719941978014 0.999992121003
56.8 1.28303086109 0.594824363778 0.999992107132
56.9 1.33600435173 0.463763472762 0.99999209326
57.0 1.37562895002 0.328068819964 0.999992079389
57.1 1.40150874092 0.189096219307 0.999992065518
57.2 1.41338514273 0.0482342368096 0.999992051646
57.3 1.41113949076 -0.0931096834811 0.999992037775
57.4 1.39479422299 -0.233523282182 0.999992023903
57.5 1.36451265585 -0.37160359538 0.999992010032
57.6 1.32059735243 -0.50597097256 0.99999199616
57.7 1.2634870994 -0.635282861594 0.999991982289
57.8 1.19375252275 -0.758247223054 0.999991968418
57.9 1.11209038633 -0.873635439823 0.999991954546
58.0 1.01931663004 -0.980294593008 0.999991940675
58.1 0.916358217171 -1.0771589815 0.999991926803
58.2 0.804243872591 -1.1632607701 0.999991912932
58.3 0.684093804029 -1.23773965979 0.999991899061
58.4 0.557108509364 -1.29985148351 0.999991885189
58.5 0.424556781666 -1.34897564165 0.999991871318
58.6 0.287763031852 -1.38462130288 0.999991857446
58.7 0.148094055635 -1.4064323083 0.999991843575
58.8 0.00694537696948 -1.41419073012 0.999991829703
58.9 -0.134272695533 -1.40781904906 0.999991815832
59.0 -0.274149159923 -1.38738092896 0.999991801961
59.1 -0.411286419152 -1.3530805806 0.999991788089
59.2 -0.54431424538 -1.30526072136 0.999991774218
59.3 -0.671903470811 -1.24439915084 0.999991760346
59.4 -0.79277926828 -1.17110397691 0.999991746475
59.5 -0.90573388888 -1.08610753968 0.999991732604
59.6 -1.00963872937 -0.990259094186 0.999991718732
59.7 -1.10345560879 -0.884516324979 0.999991704861
59.8 -1.18624714159 -0.769935777228 0.999991690989
59.9 -1.25718610367 -0.647662300106 0.999991677118
60.0 -1.31556369772 -0.518917607848 0.999991663246
60.1 -1.36079663526 -0.38498807281 0.999991649375
60.2 -1.39243296468 -0.247211872476 0.999991635504
60.3 -1.41015658692 -0.106965618856 0.999991621632
60.4 -1.41379041393 0.0343493961425 0.999991607761
60.5 -1.40329813793 0.175321201941 0.999991593889
60.6 -1.37878459433 0.314541257207 0.999991580018
60.7 -1.34049471411 0.45061852351 0.999991566147
60.8 -1.28881107667 0.582193364095 0.999991552275
60.9 -1.22425008715 0.707951128901 0.999991538404
61.0 -1.14745681672 0.826635290087 0.999991524532
61.1 -1.05919855725 0.93705999682 0.999991510661
61.2 -0.960357154776 1.03812192388 0.99999149679
61.3 -0.851920198422 1.12881129573 0.999991482918
61.4 -0.734971152741 1.20822197577 0.999991469047
61.5 -0.610678532109 1.27556052023 0.999991455175
61.6 -0.48028422534 1.33015410592 0.999991441304
61.7 -0.345091087156 1.37145725286 0.999991427433
61.8 -0.206449920522 1.39905727454 0.999991413561
61.9 -0.0657459798864 1.4126784013 0.99999139969
62.0 0.0756148698015 1.41218453578 0.999991385818
62.1 0.216220200003 1.3975806127 0.999991371947
62.2 0.354665131089 1.36901254959 0.999991358075
62.3 0.489566369406 1.32676578881 0.999991344204
62.4 0.619576028668 1.27126244551 0.999991330333
62.5 0.743395097568 1.20305709001 0.999991316461
62.6 0.859786419047 1.12283120673 0.99999130259
62.7 0.967587051533 1.03138638499 0.999991288718
62.8 1.06571988866 0.929636309863 0.999991274847
62.9 1.15320442131 0.818597632914 0.999991260976
63.0 1.22916653458 0.699379814179 0.999991247104
63.1 1.29284724155 0.573174036822 0.999991233233
63.2 1.34361026688 0.441241305248 0.999991219361
63.3 1.38094840423 0.304899845584 0.99999120549
63.4 1.40448858408 0.165511934416 0.999991191619
63.5 1.41399560131 0.0244702874004 0.999991177747
63.6 1.40937446531 -0.116815856275 0.999991163876
63.7 1.39067134906 -0.256934814513 0.999991150004
63.8 1.3580731278 -0.39448656735 0.999991136133
63.9 1.31190551182 -0.528096745466 0.999991122262
64.0 1.25262979211 -0.656430362405 0.99999110839
64.1 1.18083823126 -0.778205153299 0.999991094519
64.2 1.0972481458 -0.892204386809 0.999991080647
64.3 1.00269473899 -0.997289022282 0.999991066776
64.4 0.898122755794 -1.09240909065 0.999991052905
64.5 0.78457704331 -1.17661418535 0.999991039033
64.6 0.663192110993 -1.24906295848 0.999991025162
64.7 0.53518079505 -1.30903152719 0.99999101129
64.8 0.401822140197 -1.35592070656 0.999990997419
64.9 0.264448619883 -1.38926199636 0.999990983548
65.0 0.124432822683 -1.40872226219 0.999990969676
65.1 -0.0168262621361 -1.41410706402 0.999990955805
65.2 -0.157917222826 -1.40536259898 0.999990941933
65.3 -0.297430327498 -1.38257623891 0.999990928062
65.4 -0.433971609672 -1.34597565742 0.999990914191
65.5 -0.566176796305 -1.295926555 0.999990900319
65.6 -0.692724939135 -1.23292900509 0.999990886448
65.7 -0.812351613134 -1.15761245751 0.999990872576
65.8 -0.923861550209 -1.07072944923 0.999990858705
65.9 -1.0261405819 -0.973148085264 0.999990844834
66.0 -1.11816677175 -0.865843364862 0.999990830962
66.1 -1.19902062618 -0.749887439672 0.999990817091
66.2 -1.2678942817 -0.626438901158 0.999990803219
66.3 -1.32409957681 -0.496731204358 0.999990789348
66.4 -1.36707492791 -0.362060343631 0.999990775477
66.5 -1.39639094039 -0.223771903528 0.999990761605
66.6 -1.41175469902 -0.0832476141777 0.999990747734
66.7 -1.41301269465 0.0581084544801 0.999990733862
66.8 -1.40015235802 0.198883921676 0.999990719991
66.9 -1.37330218535 0.337672207826 0.99999070612
67.0 -1.33273045444 0.473086588593 0.999990692248
67.1 -1.27884254412 0.603774050545 0.999990678377
67.2 -1.21217688386 0.728428810005 0.999990664505
67.3 -1.13339957398 0.845805359981 0.999990650634
67.4 -1.04329773017 0.954730914839 0.999990636763
67.5 -0.942771618928 1.05411712837 0.999990622891
67.6 -0.832825662399 1.14297096817 0.99999060902
67.7 -0.714558402538 1.22040463768 0.999990595148
67.8 -0.589151524857 1.28564444669 0.999990581277
67.9 -0.457858051436 1.33803854188 0.999990567406
68.0 -0.321989821157 1.3770634198 0.999990553534
68.1 -0.182904382266 1.40232915761 0.999990539663
68.2 -0.0419914282215 1.41358330902 0.999990525791
68.3 0.0993410876392 1.41071342666 0.99999051192
68.4 0.239681019883 1.39374818558 0.999990498049
68.5 0.377626140648 1.36285709678 0.999990484177
68.6 0.511798150216 1.3183488135 0.999990470306
68.7 0.640856448505 1.26066804722 0.999990456434
68.8 0.763511529878 1.19039112432 0.999990442563
68.9 0.878537867439 1.1082202276 0.999990428692
69.0 0.984786158064 1.01497638028 0.99999041482
69.1 1.08119480585 0.911591242666 0.999990400949
69.2 1.16680052919 0.799097803299 0.999990387077
69.3 1.24074798558 0.678620057693 0.999990373206
69.4 1.30229831786 0.551361777761 0.999990359335
69.5 1.35083653666 0.418594484147 0.999990345463
69.6 1.38587766513 0.281644741627 0.999990331592
69.7 1.40707158466 0.141880904537 0.99999031772
69.8 1.41420653318 0.00069944464909 0.999990303849
69.9 1.40721122093 -0.140489001888 0.999990289978
70.0 1.38615554285 -0.280273729139 0.999990276106
70.1 1.35124988016 -0.417258056662 0.999990262235
70.2 1.30284299831 -0.550073284656 0.999990248363
70.3 1.24141856224 -0.677392369535 0.999990234492
70.4 1.16759030378 -0.797943183286 0.999990220621
70.5 1.08209588943 -0.910521224128 0.999990206749
70.6 0.985789549836 -1.01400165147 0.999990192878
70.7 0.879633544671 -1.10735052495 0.999990179006
70.8 0.764688548014 -1.18963513516 0.999990165135
70.9 0.642103050482 -1.26003332301 0.999990151264
71.0 0.513101883913 -1.3178416944 0.999990137392
71.1 0.378973983259 -1.36248264835 0.999990123521
71.2 0.241059508008 -1.39351014811 0.99999010965
71.3 0.100736451762 -1.41061417788 0.999990095778
71.4 -0.0405931261866 -1.41362384032 0.999990081907
71.5 -0.181517109752 -1.40250906412 0.999990068035
71.6 -0.320627435426 -1.37738090446 0.999990054164
71.7 -0.456534161159 -1.33849043339 0.999990040293
71.8 -0.587879354179 -1.28622623118 0.999990026421
71.9 -0.713350658985 -1.22111050377 0.99999001255
72.0 -0.831694409944 -1.14379386509 0.999989998678
72.1 -0.941728157486 -1.05504883632 0.999989984807
72.2 -1.04235248273 -0.955762127115 0.999989970936
72.3 -1.13256198247 -0.846925775963 0.999989957064
72.4 -1.21145531487 -0.729627238024 0.999989943193
72.5 -1.27824420529 -0.60503851968 0.999989929321
72.6 -1.33226132249 -0.474404468248 0.99998991545
72.7 -1.37296694638 -0.339030333896 0.999989901579
72.8 -1.39995436068 -0.20026872804 0.999989887707
72.9 -1.4129539167 -0.0595061085114 0.999989873836
73.0 -1.41183572759 0.0818510734397 0.999989859965
73.1 -1.3966109661 0.222390425923 0.999989846093
73.2 -1.36743175297 0.360707728537 0.999989832222
73.3 -1.32458963693 0.495420962847 0.99998981835
73.4 -1.26851268175 0.625184121041 0.999989804479
73.5 -1.19976118906 0.748700654764 0.999989790608
73.6 -1.11902210008 0.864736429784 0.999989776736
73.7 -1.02710213194 0.972132057029 0.999989762865
73.8 -0.924919717175 1.0698144768 0.999989748993
73.9 -0.813495827154 1.15680768041 0.999989735122
74.0 -0.693943770824 1.23224246211 0.999989721251
74.1 -0.567458070934 1.29536510393 0.999989707379
74.2 -0.435302528779 1.34554490652 0.999989693508
74.3 -0.298797596728 1.38228049088 0.999989679637
74.4 -0.159307184729 1.405204808 0.999989665765
74.5 -0.0182250325864 1.41408880625 0.999989651894
74.6 0.123039215797 1.40884372001 0.999989638022
74.7 0.263074097096 1.38952195655 0.999989624151
74.8 0.400480431415 1.35631657242 0.99998961028
74.9 0.533885302406 1.30955934447 0.999989596408
75.0 0.661955774972 1.24971745489 0.999989582537
75.1 0.783412213493 1.17738882324 0.999989568665
75.2 0.897041067496 1.09329613226 0.999989554794
75.3 1.00170699703 0.998279607094 0.999989540923
75.4 1.0963642166 0.89328862002 0.999989527051
75.5 1.18006694427 0.779372204665 0.99998951318
75.6 1.25197885159 0.657668574423 0.999989499309
75.7 1.31138141993 0.529393749819 0.999989485437
75.8 1.35768111961 0.395829408455 0.999989471566
75.9 1.39041534029 0.258310078927 0.999989457694
76.0 1.4092570132 0.118209806686 0.999989443823
76.1 1.41401787907 -0.0230715749577 0.999989429952
76.2 1.40465036918 -0.164122431475 0.99998941608
76.3 1.38124808064 -0.303533431685 0.999989402209
76.4 1.34404484117 -0.439911629299 0.999989388337
76.5 1.29341237283 -0.571894380762 0.999989374466
76.6 1.22985657784 -0.698162960305 0.999989360595
76.7 1.15401248381 -0.817455736203 0.999989346723
76.8 1.06663789878 -0.928580776555 0.999989332852
76.9 0.968605839419 -1.03042775865 0.999989318981
77.0 0.860895808174 -1.12197906294 0.999989305109
77.1 0.744584006415 -1.20231994073 0.999989291238
77.2 0.620832581401 -1.270647654 0.999989277366
77.3 0.490878014505 -1.32627949613 0.999989263495
77.4 0.356018766727 -1.36865961327 0.999989249624
77.5 0.217602304914 -1.39736455816 0.999989235752
77.6 0.0770116383429 -1.41210752116 0.999989221881
77.7 -0.0643484998296 -1.4127411959 0.99998920801
77.8 -0.205065688173 -1.39925925111 0.999989194138
77.9 -0.343733929408 -1.3717963939 0.999989180267
78.0 -0.478967698643 -1.33062702379 0.999989166395
78.1 -0.609415787057 -1.27616249104 0.999989152524
78.2 -0.73377480271 -1.20894698652 0.999989138653
78.3 -0.850802193579 -1.1296521044 0.999989124781
78.4 -0.959328662709 -1.03907013176 0.99998911091
78.5 -1.05826985142 -0.938106132404 0.999989097039
78.6 -1.14663717384 -0.827768903684 0.999989083167
78.7 -1.22354769451 -0.709160897015 0.999989069296
78.8 -1.28823295037 -0.583467202532 0.999989055424
78.9 -1.34004662897 -0.451943708087 0.999989041553
79.0 -1.37847102621 -0.315904550853 0.999989027682
79.1 -1.40312221904 -0.176708986917 0.99998901381
79.2 -1.41375390148 -0.0357478100692 0.999988999939
79.3 -1.41025984565 0.10557054453 0.999988986068
79.4 -1.39267496315 0.245834072942 0.999988972196
79.5 -1.36117495619 0.383641310707 0.999988958325
79.6 -1.31607456212 0.517615335785 0.999988944453
79.7 -1.2578244086 0.646417526289 0.999988930582
79.8 -1.18700651112 0.768760935522 0.999988916711
79.9 -1.10432845769 0.883423150709 0.999988902839
80.0 -1.01061633889 0.989258506911 0.999988888968
80.1 -0.906806493828 1.08520953412 0.999988875097
80.2 -0.793936154563 1.17031752312 0.999988861225
80.3 -0.673133082465 1.24373210459 0.999988847354
80.4 -0.545604299999 1.30471974569 0.999988833482
80.5 -0.412624030572 1.35267107924 0.999988819611
80.6 -0.275520966942 1.38710699236 0.99998880574
80.7 -0.135664995374 1.40768341354 0.999988791868
80.8 0.00554649178429 1.41419475053 0.999988777997
80.9 0.146702558364 1.40657594449 0.999988764126
81.0 0.286392821957 1.38490312009 0.999988750254
81.1 0.423221545974 1.34939282486 0.999988736383
81.2 0.555821585349 1.30039986553 0.999988722511
81.3 0.682868046588 1.23841376294 0.99998870864
81.4 0.803091525638 1.16405386086 0.999988694769
81.5 0.915290791334 1.0780631378 0.999988680897
81.6 1.01834478768 0.981300783377 0.999988667026
81.7 1.11122383505 0.874733613577 0.999988653155
81.8 1.1929999184 0.7594264107 0.999988639283
81.9 1.26285595964 0.636531284403 0.999988625412
82.0 1.32009398164 0.507276160224 0.99998861154
82.1 1.36414208211 0.372952510574 0.999988597669
82.2 1.39456014793 0.234902450792 0.999988583798
82.3 1.41104425253 0.0945053291958 0.999988569926
82.4 1.41342969265 -0.0468360548891 0.999988556055
82.5 1.401692634 -0.187709467415 0.999988542184
82.6 1.37595034939 -0.326707350161 0.999988528312
82.7 1.33646004697 -0.462440884572 0.999988514441
82.8 1.28361630035 -0.593553868342 0.99998850057
82.9 1.21794710606 -0.718736266126 0.999988486698
83.0 1.14010860807 -0.836737298951 0.999988472827
83.1 1.0508785418 -0.946377941568 0.999988458955
83.2 0.951148463256 -1.04656270286 0.999988445084
83.3 0.84191484089 -1.1362905716 0.999988431213
83.4 0.724269099266 -1.21466501824 0.999988417341
83.5 0.599386713903 -1.28090295266 0.99998840347
83.6 0.468515466337 -1.3343425486 0.999988389599
83.7 0.332962976718 -1.37444985634 0.999988375727
83.8 0.194083638523 -1.40082413777 0.999988361856
83.9 0.0532650859243 -1.41320187043 0.999988347984
84.0 -0.0880856709655 -1.4114593805 0.999988334113
84.1 -0.228556304454 -1.39561407853 0.999988320242
84.2 -0.366743280756 -1.36582428546 0.99998830637
84.3 -0.501265883614 -1.32238765077 0.999988292499
84.4 -0.63078000994 -1.26573817842 0.999988278628
84.5 -0.753991599619 -1.19644189045 0.999988264756
84.6 -0.869669565316 -1.11519117147 0.999988250885
84.7 -0.976658093065 -1.02279785064 0.999988237014
84.8 -1.07388819076 -0.920185090089 0.999988223142
84.9 -1.16038836917 -0.808378161032 0.999988209271
85.0 -1.23529434869 -0.688494199613 0.999988195399
85.1 -1.29785769493 -0.561731044864 0.999988181528
85.2 -1.34745329684 -0.429355270308 0.999988167657
85.3 -1.38358561257 -0.292689528802 0.999988153785
85.4 -1.40589362074 -0.153099337044 0.999988139914
85.5 -1.41415442767 -0.0119794318021 0.999988126043
85.6 -1.40828549445 0.129260165805 0.999988112171
85.7 -1.38834546161 0.269208238756 0.9999880983
85.8 -1.35453356324 0.406466474514 0.999988084429
85.9 -1.30718763628 0.539663436483 0.999988070557
86.0 -1.24678074497 0.66746826692 0.999988056686
86.1 -1.17391645418 0.788603984409 0.999988042814
86.2 -1.08932279879 0.901860243013 0.999988028943
86.3 -0.993845009378 1.00610542563 0.999988015072
86.4 -0.888437067027 1.10029795071 0.9999880012
86.5 -0.774152171434 1.18349667939 0.999987987329
86.6 -0.652132217719 1.25487031901 0.999987973458
86.7 -0.523596387 1.31370572911 0.999987959586
86.8 -0.389828964761 1.35941504687 0.999987945715
86.9 -0.252166508711 1.39154156085 0.999987931844
87.0 -0.11198449437 1.40976427425 0.999987917972
87.1 0.0293164282129 1.41390111226 0.999987904101
87.2 0.170324429264 1.4039107412 0.999987890229
87.3 0.309630605799 1.3798929816 0.999987876358
87.4 0.445843058894 1.34208781077 0.999987862487
87.5 0.577600801054 1.29087296503 0.999987848615
87.6 0.703587354728 1.22676016554 0.999987834744
87.7 0.822543906094 1.1503900053 0.999987820873
87.8 0.933281882693 1.06252554861 0.999987807001
87.9 1.03469482922 0.964044706764 0.99998779313
88.0 1.12576946286 0.855931466299 0.999987779259
88.1 1.20559579764 0.739266057306 0.999987765387
88.2 1.27337623669 0.615214160164 0.999987751516
88.3 1.32843354156 0.485015258459 0.999987737645
88.4 1.37021759896 0.349970254497 0.999987723773
88.5 1.39831091728 0.211428471138 0.999987709902
88.6 1.41243279803 0.0707741698251 0.99998769603
88.7 1.41244214046 -0.0705872804682 0.999987682159
88.8 1.39833885144 -0.211243445202 0.999987668288
88.9 1.37026384631 -0.349788936826 0.999987654416
89.0 1.32849764099 -0.484839456919 0.999987640545
89.1 1.27345754907 -0.615045627624 0.999987626674
89.2 1.20569351224 -0.739106474158 0.999987612802
89.3 1.1258826054 -0.855782423703 0.999987598931
89.4 1.03482227158 -0.963907690784 0.99998758506
89.5 0.933422354189 -1.06240192539 0.999987571188
89.6 0.822696006127 -1.15028100747 0.999987557317
89.7 0.703749566751 -1.22666687988 0.999987543446
89.8 0.577771507699 -1.29079632167 0.999987529574
89.9 0.446020558095 -1.3420285739 0.999987515703
90.0 0.309813127762 -1.37985174187 0.999987501831
90.1 0.170510154115 -1.40388790979 0.99998748796
90.2 0.0295035041428 -1.41389691683 0.999987474089
90.3 -0.111797932643 -1.40977875665 0.999987460217
90.4 -0.251982321343 -1.39157457667 0.999987446346
90.5 -0.389648988234 -1.35946626693 0.999987432475
90.6 -0.523422415812 -1.31377464271 0.999987418603
90.7 -0.65196598649 -1.25495623905 0.999987404732
90.8 -0.773995337614 -1.18359874919 0.999987390861
90.9 -0.888291194367 -1.10041515256 0.999987376989
91.0 -0.993711552339 -1.00623659096 0.999987363118
91.1 -1.08920308804 -0.902004064014 0.999987349247
91.2 -1.17381168334 -0.788759027088 0.999987335375
91.3 -1.24669195867 -0.667632985396 0.999987321504
91.4 -1.3071157198 -0.539836188399 0.999987307633
91.5 -1.35447923366 -0.406645537414 0.999987293761
91.6 -1.38830926064 -0.269391827256 0.99998727989
91.7 -1.40826778305 -0.129446449398 0.999987266018
91.8 -1.41415538245 0.0117923104967 0.999987252147
91.9 -1.40591323219 0.15291324376 0.999987238276
92.0 -1.38362368516 0.292506319026 0.999987224404
92.1 -1.34750945098 0.429176770776 0.999987210533
92.2 -1.29793137074 0.561559035349 0.999987196662
92.3 -1.23538481157 0.68833039518 0.99998718279
92.4 -1.16049471716 0.808224194935 0.999987168919
92.5 -1.07400936351 0.920042497491 0.999987155048
92.6 -0.976792882398 1.0226680533 0.999987141176
92.7 -0.869816627301 1.11507546358 0.999987127305
92.8 -0.754149467953 1.1963414257 0.999987113434
92.9 -0.63094711057 1.26565395855 0.999987099562
93.0 -0.501440550435 1.32232051552 0.999987085691
93.1 -0.366923772219 1.36577490423 0.99998707182
93.2 -0.228740820935 1.3955829437 0.999987057948
93.3 -0.088272372705 1.41144680253 0.999987044077
93.4 0.0530780604762 1.41320797475 0.999987030206
93.5 0.193898154145 1.40084886354 0.999987016334
93.6 0.332780882827 1.37449295704 0.999987002463
93.7 0.468338578544 1.33440359451 0.999986988592
93.8 0.599216795914 1.28098133512 0.99998697472
93.9 0.724107845294 1.21475995574 0.999986960849
94.0 0.841763858766 1.13640111758 0.999986946977
94.1 0.951009258393 1.04668775509 0.999986933106
94.2 1.05075250219 0.946516253221 0.999986919235
94.3 1.13999699043 0.836887490971 0.999986905363
94.4 1.21785102331 0.718896841003 0.999986891492
94.5 1.28353671053 0.593723225041 0.999986877621
94.6 1.33639774368 0.462617334494 0.999986863749
94.7 1.37590595385 0.326889133983 0.999986849878
94.8 1.4016665889 0.187894772625 0.999986836007
94.9 1.4134222577 0.047023033865 0.999986822135
95.0 1.41105550188 -0.0943185407685 0.999986808264
95.1 1.39458996945 -0.23471771533 0.999986794393
95.2 1.36419017848 -0.372771670027 0.999986780521
95.3 1.32015987332 -0.507101017711 0.99998676665
95.4 1.26293898969 -0.63636358623 0.999986752779
95.5 1.19309925896 -0.759267828951 0.999986738907
95.6 1.11133849566 -0.874585729442 0.999986725036
95.7 1.0184736251 -0.981165071385 0.999986711165
95.8 0.915432520987 -1.07794095112 0.999986697293
95.9 0.803244734397 -1.1639464178 0.999986683422
96.0 0.683031206868 -1.2383221348 0.999986669551
96.1 0.555993070339 -1.30032496596 0.999986655679
96.2 0.423399645857 -1.34933540067 0.999986641808
96.3 0.28657576096 -1.38486374388 0.999986627937
96.4 0.146888512457 -1.40655500889 0.999986614065
96.5 0.00573360687563 -1.41419246432 0.999986600194
96.6 -0.135478584957 -1.40769979955 0.999986586323
96.7 -0.275337119848 -1.38714188724 0.999986572451
96.8 -0.412444579896 -1.3527241351 0.99998655858
96.9 -0.545431035003 -1.30479043355 0.999986544708
97.0 -0.67296773074 -1.24381971968 0.999986530837
97.1 -0.793780364799 -1.17042119188 0.999986516966
97.2 -0.906661819382 -1.08532822292 0.999986503094
97.3 -1.0104842223 -0.98939103237 0.999986489223
97.4 -1.10421021627 -0.883568191478 0.999986475352
97.5 -1.18690332385 -0.768917045464 0.99998646148
97.6 -1.25773730436 -0.646583148893 0.999986447609
97.7 -1.31600440944 -0.517788819693 0.999986433738
97.8 -1.36112245458 -0.383820926172 0.999986419866
97.9 -1.39264063611 -0.246018029079 0.999986405995
98.0 -1.41024403551 -0.10575700717 0.999986392124
98.1 -1.4137567659 0.0355607000895 0.999986378252
98.2 -1.40314372949 0.17652309522 0.999986364381
98.3 -1.37851096827 0.315721730918 0.99998635051
98.4 -1.34010460442 0.45176578277 0.999986336638
98.5 -1.28830838119 0.583295945889 0.999986322767
98.6 -1.22363982864 0.708998016614 0.999986308896
98.7 -1.14674509267 0.827616023582 0.999986295024
98.8 -1.05839247896 0.937964776949 0.999986281153
98.9 -0.959464776297 1.0389417104 0.999986267282
99.0 -0.850950436097 1.12953789761 0.99998625341
99.1 -0.733933696099 1.20884813306 0.999986239539
99.2 -0.609583747059 1.27607997659 0.999986225668
99.3 -0.479143050593 1.33056167112 0.999986211796
99.4 -0.343914924935 1.37174885466 0.999986197925
99.5 -0.205250522633 1.39922999934 0.999986184054
99.6 -0.0645353302954 1.41273052332 0.999986170182
99.7 0.0768246747032 1.41211553422 0.999986156311
99.8 0.217417072265 1.397391177 0.99998614244
99.9 0.355837111979 1.36870457253 0.999986128568
100.0 0.490701748899 1.32634234759 0.999986114697
