0.001 0.999980260699 0.0062832 -0.0394780177872 6.28307597586 0.001 4.93482566059e-06
0.0035 0.999758197458 0.0219901147773 -0.138158573632 6.28168082802 0.0025 3.08426728487e-05
0.00975 0.99812382639 0.0612336641131 -0.384591090606 6.27141730315 0.00625 0.000192767188505
0.0239851963122 0.988656617738 0.150263586924 -0.942307590236 6.21209757427 0.0142351963122 0.00100001164081
0.0382203097705 0.97128831854 0.238092474134 -1.492455841 6.103138804 0.0142351134583 0.000999969647043
0.0524556392726 0.946158022267 0.324020408297 -2.03061366921 5.94542630822 0.0142353295021 0.000999898388067
0.0666916920695 0.913466181884 0.407363974384 -2.55246567063 5.74023742095 0.0142360527969 0.000999827767945
0.0809289709772 0.873473098171 0.487460301816 -3.05382998523 5.48923124558 0.0142372789076 0.000999758350683
0.095167970411 0.826496867058 0.563672260037 -3.53069208744 5.19443478184 0.0142389994338 0.000999690689281
0.109409172493 0.772910882709 0.635393454822 -3.97923712347 4.85822605609 0.0142412020824 0.000999625322643
0.123653043254 0.713140914915 0.702052988351 -4.39588052889 4.48331441157 0.0142438707603 0.00099956277141
0.137900028949 0.647661782271 0.763119947737 -4.77729667731 4.07271813888 0.0142469856956 0.000999503533955
0.152150552534 0.576993645352 0.8181075885 -5.12044533152 3.62973964895 0.0142505235853 0.000999448082509
0.166405010305 0.501697946795 0.866577181452 -5.42259568968 3.15793840948 0.0142544577705 0.000999396859522
0.180663768741 0.422373027697 0.908141493665 -5.68134784277 2.66110188289 0.0142587584362 0.000999350274213
0.194927161577 0.339649452118 0.942467876539 -5.89465148369 2.14321471791 0.0142633928362 0.000999308699367
0.209195487117 0.25418507373 0.969280936565 -6.06082173394 1.60842645822 0.0142683255401 0.000999272468412
0.22346900582 0.166659880676 0.988364767109 -6.17855197946 1.06101804048 0.0142735187026 0.000999241872764
0.237747938173 0.0777706566093 0.999564722466 -6.24692363345 0.505367360199 0.0142789323527 0.000999217159491
0.252032462872 -0.0117745024569 1.00278871853 -6.26541277013 -0.0540858124616 0.0142845246997 0.00099919852929
0.266322715329 -0.101261774413 0.99800804771 -6.23389359911 -0.612875283807 0.0142902524569 0.000999186134822
0.280618786508 -0.189977258116 0.985257699076 -6.15263877554 -1.16654397255 0.0142960711783 0.000999180079386
0.294920722114 -0.277212638014 0.964636178422 -6.02231656566 -1.71067925195 0.0143019356066 0.000999180415978
0.309228522145 -0.362270822406 0.936304826468 -5.84398491128 -2.24094782498 0.0143078000306 0.000999187146719
0.323542140794 -0.444471511043 0.900486637367 -5.6190824595 -2.75312986641 0.0143136186492 0.000999200222689
0.337861486733 -0.523156647765 0.857464583515 -5.34941664543 -3.24315217493 0.0143193459385 0.000999219544136
0.352186423753 -0.597695714131 0.807579456649 -5.03714893635 -3.70712008875 0.0143249370202 0.000999244961111
0.36651677178 -0.667490820698 0.751227239181 -4.68477736472 -4.14134793009 0.0143303480268 0.000999276274478
0.380852308242 -0.731981553636 0.688856023749 -4.29511649552 -4.54238775684 0.0143355364625 0.000999313237356
0.395192769797 -0.790649535799 0.620962502854 -3.87127498965 -4.90705621426 0.0143404615549 0.000999355556899
0.409537854392 -0.84302266318 0.548088054355 -3.41663094082 -5.23245929413 0.0143450845953 0.00099940289655
0.423887223656 -0.888678979928 0.470814452302 -2.93480517666 -5.51601482518 0.0143493692639 0.000999454878557
0.438240505594 -0.92725015767 0.389759236145 -2.42963272787 -5.75547253498 0.0143532819381 0.000999511086947
0.452597297573 -0.958424547906 0.305570774707 -1.90513268031 -5.94893154106 0.0143567919787 0.000999571070763
0.466957169566 -0.98194977956 0.218923064353 -1.36547663484 -6.09485514666 0.0143598719934 0.000999634347659
0.48131966764 -0.997634877491 0.130510303582 -0.814956008466 -6.19208283534 0.014362498074 0.000999700407756
0.495684317644 -1.00535188172 0.0410412886174 -0.257948418009 -6.2398393771 0.0143646500041 0.000999768717764
0.510050629081 -1.00503695142 -0.0487663233607 0.301116606772 -6.23774097859 0.0143663114365 0.000999838725327
0.524418099119 -0.996690942283 -0.13819183518 0.857792328495 -6.18579842931 0.0143674700377 0.00099990986355
0.538786216717 -0.980379450275 -0.226517365523 1.40764967048 -6.08441721597 0.0143681175979 0.000999981555669
0.553154466821 -0.956232320064 -0.313033689731 1.94631199044 -5.93439459766 0.0143682501049 0.00100005321983
0.567522334604 -0.92444262078 -0.397046015519 2.46948950128 -5.73691365515 0.0143678677822 0.00100012427396
0.581889309693 -0.885265096983 -0.477879643921 2.97301308124 -5.49353434845 0.0143669750895 0.00100019414056
0.596254890379 -0.839014107426 -0.554885466712 3.45286721825 -5.20618163794 0.0143655806862 0.0010002622516
0.610618587738 -0.786061068925 -0.627445252937 3.90522183688 -4.87713074537 0.0143636973584 0.00100032805326
0.624979929647 -0.726831427253 -0.694976679093 4.3264627618 -4.50898965221 0.0143613419091 0.00100039101057
0.639338464661 -0.661801181266 -0.756938059874 4.71322057913 -4.1046789537 0.0143585350139 0.00100045061189
0.653693765704 -0.591492990548 -0.812832739182 5.06239766555 -3.66740920753 0.0143553010435 0.00100050637319
0.668045433558 -0.5164719006 -0.862213104359 5.3711931662 -3.20065593632 0.0143516678535 0.00100055784209
0.682393100103 -0.437340722933 -0.904684190114 5.63712571485 -2.70813246289 0.0143476665452 0.00100060460164
0.696736431302 -0.354735110407 -0.939906842543 5.85805370404 -2.19376077572 0.0143433311996 0.00100064627373
0.711075129888 -0.269318370658 -0.967600417772 6.03219292957 -1.66164064029 0.0143386985859 0.00100068252221
0.725408937738 -0.181776062534 -0.987544994097 6.15813145169 -1.1160171885 0.0143338078492 0.00100071305562
0.739737637917 -0.0928104220343 -0.999583081005 6.23484153488 -0.561247233732 0.0143287001794 0.00100073762955
0.754061056382 -0.00313466536029 -1.00362081306 6.26168855036 -0.00176457275243 0.0143234184649 0.00100075604852
0.768379063316 0.0865327826692 -0.999628621234 6.23843674803 0.557955452283 0.0143180069336 0.0010007681675
0.782691574102 0.175474086446 -0.98764137901 6.16525182938 1.11343184874 0.014312510786 0.00100077389301
0.796998549924 0.262977775538 -0.967758024905 6.0427002787 1.66021403464 0.0143069758224 0.00100077318368
0.811299997992 0.348344451423 -0.940140667778 5.87174543689 2.19391777016 0.0143014480675 0.0010007660505
0.825595971389 0.430892378776 -0.905013185377 5.65374032973 2.7102606609 0.014295973397 0.0010007525565
0.839886568556 0.50996291663 -0.862659330754 5.39041729067 3.20509693465 0.0142905971675 0.00100073281611
0.85417193241 0.584925746606 -0.813420365047 5.08387444694 3.674451196 0.0142853638536 0.00100070699407
0.868452249106 0.655183857639 -0.757692238707 4.73655916589 4.11455086926 0.014280316696 0.00100067530386
0.882727746466 0.72017824908 -0.695922346629 4.35124858658 4.52185704886 0.0142754973602 0.00100063800586
0.896998692079 0.779392316821 -0.628605885654 3.93102738907 4.89309348797 0.0142709456126 0.00100059540508
0.911265391091 0.832355890011 -0.556281845663 3.47926297966 5.22527347098 0.0142666990121 0.00100054784852
0.925528183713 0.878648889063 -0.479528667918 2.99957829558 5.51572433257 0.0142627926222 0.00100049572231
0.939787442457 0.917904578894 -0.398959606391 2.49582245514 5.76210940633 0.0142592587437 0.00100043944846
0.954043569128 0.94981239472 -0.315217829636 1.97203950057 5.96244720809 0.0142561266713 0.00100037948139
0.968296991601 0.974120321158 -0.228971302237 1.43243549923 6.11512768417 0.0142534224735 0.00100031630425
0.9825481604 0.990636808888 -0.14090748602 0.881344284643 6.21892538085 0.014251168799 0.00100025042499
0.99679754511 0.999232216628 -0.0517279021363 0.323192132166 6.27300941982 0.0142493847097 0.00100018237233
1.01104563065 0.999839769722 0.0378574043267 -0.237538326283 6.27695019384 0.0142480855406 0.00100011269152
1.02529291344 0.992456030115 0.127135455207 -0.796344636785 6.23072272699 0.0142472827893 0.00100004194003
1.03953989747 0.977140875976 0.215395943561 -1.34874119228 6.13470667483 0.014246984033 0.000999970683216
1.05378709035 0.954016992655 0.301936809555 -1.89029572032 5.98968297095 0.0142471928754 0.000999899489842
1.06803499927 0.923268880006 0.386069746557 -2.41666527721 5.79682715679 0.0142479089232 0.000999828927688
1.08228412706 0.885141384433 0.467125596723 -2.92363144235 5.55769946204 0.014249127791 0.000999759559127
1.0965349682 0.839937767187 0.544459596268 -3.40713441553 5.27423173184 0.0142508411363 0.000999691936777
1.11078800492 0.788017323617 0.617456431728 -3.86330573231 4.94871132486 0.0142530367236 0.000999626599247
1.12504370344 0.729792571065 0.685535069871 -4.28849932713 4.58376213248 0.0142556985164 0.000999564066944
1.13930251024 0.665726026071 0.748153325404 -4.6793206913 4.18232289344 0.0142588067978 0.000999504838089
1.15356484856 0.596326594333 0.804812132418 -5.03265389217 3.74762300047 0.0142623383184 0.000999449384851
1.16783111503 0.522145599596 0.855059487382 -5.34568624131 3.28315601522 0.0142662664704 0.000999398149686
1.18210167651 0.443772480214 0.898494033664 -5.61593042215 2.79265112485 0.0142705614877 0.000999351541908
1.19637686718 0.361830184563 0.934768259858 -5.84124391165 2.28004278855 0.0142751906697 0.000999309934471
1.21065698581 0.276970298767 0.963591286703 -6.01984555597 1.74943883421 0.0142801186288 0.000999273661055
1.22494229337 0.189867942336 0.984731220081 -6.15032918499 1.20508727482 0.0142853075589 0.000999243013404
1.23923301089 0.101216469234 0.998017050448 -6.23167417741 0.651342121067 0.0142907175237 0.000999218238985
1.25352931766 0.011722013672 1.00334008213 -6.26325291344 0.0926284706415 0.0142963067639 0.000999199538976
1.26783134968 -0.077902078585 1.00065487912 -6.24483507819 -0.466592843207 0.0143020320194 0.000999187066576
1.28213919854 -0.166940891281 0.989979717455 -6.17658880445 -1.02186076221 0.0143078488661 0.000999180925695
1.29645291061 -0.254683607978 0.971396537746 -6.05907866766 -1.56874939364 0.0143137120639 0.000999181169999
1.31077248652 -0.340429167718 0.945050395123 -5.89326057046 -2.10290300676 0.0143195759137 0.000999187802334
1.32509788114 -0.423491861687 0.911148407739 -5.68047357656 -2.62007036772 0.0143253946214 0.000999200774555
1.33942900381 -0.503206826425 0.86995820876 -5.42242877587 -3.11613815394 0.0143311226651 0.000999219987736
1.35376571897 -0.5789353893 0.821805910823 -5.12119528344 -3.58716319904 0.0143367151627 0.00099924529278
1.36810784721 -0.650070222571 0.767073595905 -4.77918349396 -4.02940333077 0.0143421282381 0.000999276491458
1.38245516659 -0.716040263304 0.706196347585 -4.39912573228 -4.43934657703 0.0143473193813 0.000999313337787
1.39680741439 -0.776315357737 0.639658846621 -3.98405445658 -4.81373852894 0.0143522478006 0.000999355539879
1.41116428915 -0.830410590424 0.567991554719 -3.53727818713 -5.14960766442 0.0143568747628 0.000999402762105
1.42552545307 -0.877890260635 0.491766515091 -3.06235534723 -5.44428845179 0.0143611639189 0.000999454627675
1.43989053468 -0.91837147098 0.411592802066 -2.56306621628 -5.69544206873 0.0143650816121 0.000999510721557
1.45425913185 -0.951527296173 0.328111655397 -2.04338320648 -5.90107458942 0.0143685971646 0.000999570593729
1.46863081499 -0.977089503091 0.241991338071 -1.50743968496 -6.05955251029 0.0143716831414 0.000999633762755
1.48300513058 -0.99485079693 0.15392175925 -0.959497572483 -6.16961550284 0.0143743155873 0.000999699719639
1.49738160481 -1.00466657218 0.0646089064927 -0.403913957582 -6.23038630103 0.0143764742358 0.000999767931943
1.5117597475 -1.0064561514 -0.0252308665094 0.154893028464 -6.24137764973 0.0143781426864 0.000999837848115
1.52613905605 -1.00020349912 -0.114876648748 0.712478824996 -6.20249626048 0.0143793085497 0.00099990890201
1.54051901961 -0.985957403017 -0.203608828128 1.264407289 -6.11404374084 0.0143799635575 0.000999980517566
1.55489912325 -0.963831119162 -0.290714945226 1.80628551846 -5.9767144839 0.0143801036379 0.00100005211357
1.5692788522 -0.93400148301 -0.375495494427 2.3337983936 -5.79159052522 0.0143797289533 0.00100012310849
1.5836576961 -0.896707492797 -0.457269622619 2.84274257756 -5.56013339546 0.0143788439017 0.00100019292534
1.59803515318 -0.85224837676 -0.535380676336 3.32905972033 -5.28417301801 0.0143774570807 0.0010002609965
1.6124107344 -0.800981160419 -0.609201549598 3.78886861249 -4.96589372191 0.0143755812149 0.00100032676847
1.62678396744 -0.743317754733 -0.67813978646 4.21849604078 -4.607817462 0.014373233047 0.00100038970654
1.64115440064 -0.679721590354 -0.741642394541 4.61450610413 -4.21278435873 0.0143704331939 0.00100044929921
1.65552160661 -0.610703827325 -0.799200328549 4.97372775692 -3.78393069147 0.0143672059692 0.00100050506252
1.66988518578 -0.536819173348 -0.850352605895 5.29328035706 -3.32466449899 0.0143635791744 0.00100055654409
1.68424476964 -0.45866134724 -0.894690020039 5.57059700813 -2.83863896139 0.0143595838594 0.00100060332684
1.6986000237 -0.376858227206 -0.931858420964 5.80344549905 -2.32972375618 0.0143552540573 0.00100064503247
1.71295065019 -0.292066726191 -0.961561536308 5.98994666058 -1.80197460001 0.0143506264934 0.00100068132455
1.72729639046 -0.204967438734 -0.983563310968 6.12858997572 -1.25960120443 0.0143457402731 0.00100071191125
1.74163702701 -0.116259105453 -0.997689747445 6.21824630035 -0.706933889785 0.014340636551 0.00100073654771
1.7559723852 -0.0266529424954 -1.00383023379 6.25817757206 -0.148389115646 0.0143353581851 0.00100075503793
1.77030233458 0.0631331159589 -1.00193835064 6.24804340769 0.411565801318 0.0143299493782 0.0010007672363
1.78462678989 0.152380213796 -0.992032153382 6.18790451451 0.968448500935 0.0143244553108 0.00100077304867
1.79894571166 0.2403743595 -0.974193930188 6.07822286568 1.51779763502 0.0143189217683 0.00100077243296
1.81325910642 0.326412155593 -0.948569440952 5.91985861724 2.05520886948 0.0143133947665 0.00100076539937
1.8275670266 0.409806424498 -0.915366646623 5.71406377163 2.57637053445 0.0143079201773 0.00100075201013
1.84186956996 0.489891685787 -0.874853942487 5.46247262082 3.07709862336 0.0143025433592 0.00100073237882
1.85616687875 0.566029441561 -0.827357912874 5.16708903077 3.55337084392 0.0142973087944 0.00100070666928
1.87045913849 0.637613228845 -0.773260628452 4.83027065729 4.00135942949 0.0142922597358 0.00100067509407
1.88474657636 0.704073400266 -0.712996510658 4.45471021176 4.4174624272 0.0142874378672 0.00100063791267
1.89902945933 0.764881596989 -0.647048790922 4.04341392262 4.79833319012 0.0142828829775 0.00100059542911
1.91330809199 0.81955488071 -0.575945595158 3.59967736492 5.14090781536 0.0142786326533 0.00100054798948
1.92758281398 0.867659494614 -0.500255686491 3.12705885547 5.44243028585 0.0142747219902 0.00100049597897
1.9418539973 0.908814226399 -0.420583901375 2.62935063468 5.70047509399 0.0142711833256 0.00100043981865
1.9561220433 0.942693349775 -0.337566316145 2.11054807732 5.91296714635 0.0142680459942 0.00100037996205
1.97038737941 0.969029124279 -0.251865182575 1.57481719375 6.07819877372 0.0142653361084 0.00100031689144
1.98465045577 0.987613836711 -0.164163672327 1.02646069965 6.19484369602 0.014263076364 0.00100025111394
1.99891174164 0.998301370966 -0.0751604710671 0.469882945908 6.26196782042 0.0142612858725 0.00100018315746
2.01317172166 1.00100829659 0.0144357362171 -0.0904459888407 6.27903677919 0.0142599800215 0.00100011356648
2.02743089203 0.995714469864 0.103911846851 -0.650026733168 6.2459201449 0.0142591703625 0.0010000428978
2.04168975656 0.982463144623 0.19255594701 -1.20436727087 6.16289229061 0.0142588645289 0.000999971716093
2.05594882274 0.961360593644 0.279662901287 -1.74901948678 6.03062989406 0.0142590661814 0.000999900589557
2.07020859772 0.932575244549 0.364539883738 -2.27961529724 5.85020611558 0.0142597749843 0.00099983008544
2.08446958433 0.896336337693 0.44651180951 -2.79190205748 5.62308150946 0.0142609866104 0.000999760765669
2.09873227711 0.852932116636 0.524926626938 -3.28177694677 5.35109175831 0.0142626927753 0.000999693182482
2.11299715841 0.802707564999 0.599160431067 -3.74532004349 5.03643234729 0.0142648813009 0.000999627874172
2.12726469462 0.746061706528 0.668622360827 -4.17882581661 4.68164032236 0.0142675362073 0.000999565360929
2.14153533245 0.683444488213 0.732759243521 -4.57883277649 4.28957330052 0.0142706378327 0.000999506140819
2.15580949543 0.615353269112 0.791059951991 -4.94215104707 3.86338592329 0.0142741629813 0.000999450685942
2.17008758053 0.542328940329 0.843059441673 -5.26588764201 3.40650396424 0.0142780850964 0.000999399438764
2.18436995499 0.464951704184 0.888342436835 -5.54746924999 2.92259631973 0.0142823744607 0.000999352808689
2.19865695341 0.383836543129 0.926546737526 -5.78466235809 2.41554512683 0.0142869984196 0.000999311168841
2.21294887503 0.299628411295 0.95736612126 -5.97559056665 1.88941426539 0.014291921628 0.000999274853151
2.22724598135 0.212997183749 0.980552816073 -6.11874897492 1.34841651088 0.0142971063189 0.000999244153686
2.24154849394 0.124632400541 0.995919524425 -6.21301554202 0.796879612374 0.0143025125914 0.000999219318318
2.25585659266 0.0352378444544 1.00334098048 -6.25765935409 0.239211574551 0.0143080987171 0.000999200548694
2.27017041412 -0.0544740070518 1.00275502643 -6.25234575407 -0.320134574775 0.0143138214628 0.000999187998558
2.28449005055 -0.143787613809 0.994163196972 -6.19713831594 -0.876696250265 0.0143196364262 0.000999181772426
2.29881554893 -0.231990045838 0.97763080445 -6.09249766994 -1.42603672856 0.0143254983844 0.000999181924631
2.31314691059 -0.318376653332 0.953286521046 -5.93927720947 -1.96378024677 0.0143313616508 0.000999188458747
2.32748409102 -0.402256689352 0.921321457946 -5.73871573336 -2.48564651122 0.0143371804383 0.0009992013274
2.34182700025 -0.48295884064 0.88198774551 -5.49242709913 -2.98748435565 0.0143429092266 0.000999220432484
2.35617550338 -0.559836622068 0.835596622325 -5.20238698391 -3.46530429765 0.0143485031305 0.000999245625767
2.37052942165 -0.632273590724 0.782516045115 -4.8709168695 -3.91530975294 0.014353918265 0.000999276709899
2.38488853375 -0.699688336508 0.723167835445 -4.50066538612 -4.33392667945 0.0143591121062 0.00099931343983
2.3992525776 -0.761539207328 0.658024383231 -4.09458716717 -4.71783143662 0.014364043843 0.000999355524593
2.41362125231 -0.81732872866 0.587604930958 -3.65591938268 -5.06397665927 0.014368674718 0.000999402629511
2.42799422067 -0.866607679244 0.512471466372 -3.18815613417 -5.36961496137 0.0143729683529 0.000999454378748
2.44237111172 -0.908978787164 0.433224255062 -2.69502090679 -5.63232030042 0.0143768910567 0.000999510358205
2.45675152384 -0.944100013355 0.350497047857 -2.18043728658 -5.85000685041 0.0143804121131 0.000999570118801
2.47113502788 -0.971687392795 0.264952001143 -1.64849816195 -6.02094524859 0.0143835040444 0.000999633180007
2.48552117073 -0.991517407215 0.17727435117 -1.10343363739 -6.14377609926 0.0143861428489 0.000999699033715
2.49990947894 -1.003428867 0.0881668859921 -0.549577896235 -6.21752063655 0.0143883082096 0.00099976714833
2.51429946261 -1.00732428413 -0.0016557391178 0.00866474392591 -6.24158846694 0.0143899836731 0.000999836973106
2.52869061941 -1.00317072252 -0.0914727951394 0.566854333764 -6.21578233205 0.0143911567937 0.000999907942655
2.54308243865 -0.991000116522 -0.180563332697 1.12055009893 -6.14029985196 0.0143918192452 0.00099997948161
2.55747440555 -0.970909053355 -0.268212045554 1.665345294 -6.01573222981 0.014391966896 0.00100005100939
2.57186600539 -0.943058019995 -0.353715094026 2.19690184521 -5.8430599188 0.0143915998473 0.00100012194503
2.58625672783 -0.907670119883 -0.436385838307 2.71098452304 -5.62364527388 0.0143907224355 0.00100019171205
2.60064607103 -0.865029269815 -0.515560432344 3.20349438731 -5.35922223148 0.0143893431964 0.00100025974322
2.61503354582 -0.815477892095 -0.590603230106 3.67050125009 -5.05188308165 0.0143874747932 0.00100032548538
2.62941867973 -0.759414121688 -0.660911957756 4.10827490627 -4.7040624187 0.0143851339083 0.00100038840407
2.64380102083 -0.697288552577 -0.725922607419 4.51331488789 -4.31851837706 0.0143823410995 0.00100044798794
2.65818014145 -0.629600551692 -0.785114010826 4.88237850634 -3.89831128081 0.0143791206238 0.00100050375312
2.67255564168 -0.556894172683 -0.838012054178 5.21250695619 -3.44677985522 0.0143755002282 0.00100055524718
2.68692715259 -0.479753705321 -0.88419349896 5.50104926624 -2.96751516952 0.0143715109114 0.00100060205296
2.70129433925 -0.398798899453 -0.923289377197 5.74568389684 -2.46433249896 0.0143671866586 0.00100064379194
2.7156569034 -0.314679905175 -0.954987933656 5.94443779794 -1.94124131338 0.0143625641509 0.00100068012743
2.73001458585 -0.228071973115 -0.979037091762 6.09570275968 -1.4024136165 0.014357682454 0.00100071076722
2.74436716854 -0.139669960552 -0.995246424398 6.19824890644 -0.852150876861 0.0143525826873 0.00100073546602
2.75871447622 -0.0501826904217 -1.00348861535 6.25123520621 -0.294849805455 0.0143473076784 0.0010007540273
2.77305637782 0.0396727889044 -1.00370040168 6.25421688955 0.265032751342 0.0143419016047 0.00100076630486
2.78739278745 0.12917699479 -0.995882992096 6.20714969668 0.823015524461 0.0143364096264 0.00100077220388
2.80172366497 0.217613804257 -0.980101960621 6.1103908965 1.37462885224 0.0143308775146 0.00100077168159
2.81604901624 0.304276203001 -0.95648661984 5.96469704796 1.91545073336 0.0143253512756 0.00100076474741
2.83036889302 0.388471942773 -0.925228881835 5.77121850179 2.44114260425 0.0143198767777 0.00100075146276
2.8446833924 0.469529061751 -0.886581619453 5.53149066863 2.94748454101 0.0143144993811 0.00100073194036
2.85899265597 0.546801224222 -0.840856544319 5.24742210828 3.43040958805 0.0143092635752 0.00100070634315
2.8732968686 0.619672837948 -0.788421621825 4.9212795233 3.88603691959 0.0143042126257 0.0010006748828
2.88759625683 0.687563909884 -0.729698046706 4.5556697687 4.31070354798 0.0142993882339 0.00100063781785
2.90189108705 0.749934603556 -0.665156806064 4.15351901695 4.70099430309 0.0142948302117 0.00100059545139
2.91618166322 0.806289464175 -0.595314859509 3.71804924469 5.05376982038 0.0142905761732 0.00100054812858
2.93046832447 0.85618128061 -0.52073096872 3.25275223268 5.36619229138 0.0142866612459 0.00100049623367
2.94475144227 0.899214556462 -0.442001210951 2.76136129475 5.63574874935 0.0142831178034 0.0010004401868
2.95903141749 0.935048565791 -0.359754212984 2.2478209731 5.86027168407 0.0142799752209 0.00100038044061
2.97330867714 0.963399972424 -0.274646143665 1.71625495725 6.03795680377 0.0142772596545 0.00100031747649
2.98758367099 0.98404499518 -0.187355504498 1.17093250086 6.16737778746 0.0142749938468 0.00100025180072
3.00185686795 0.996821104857 -0.0985777588325 0.616233625026 6.24749789903 0.0142731969593 0.0010001839404
3.01612875238 1.00162824231 -0.00901984091083 0.0566134082102 6.2776783629 0.0142718844316 0.00100011443927
3.03039982025 0.998429550458 0.0806054134487 -0.503434329048 6.25768343119 0.0142710678697 0.00100004385341
3.04467057521 0.987251616421 0.16958487257 -1.05941363117 6.18768210296 0.0142707549625 0.000999972746854
3.05894152464 0.968184223674 0.257210709102 -1.60686299131 6.06824648698 0.014270949428 0.00099990168721
3.07321317563 0.941379617161 0.342785953031 -2.14139159805 5.90034683035 0.0142716509881 0.000999831241205
3.087486031 0.907051287913 0.425629956406 -2.6587149364 5.68534326552 0.0142728553739 0.000999761970313
3.10176058536 0.865472286829 0.505083729414 -3.1546894415 5.42497435795 0.0142745543589 0.000999694426387
3.11603732119 0.816973080502 0.580515108436 -3.62534591516 5.12134256463 0.0142767358224 0.000999629147419
3.13031670503 0.761938965077 0.651323717878 -4.066921428 4.77689674092 0.0142793838411 0.000999566653365
3.14459918383 0.700807057093 0.716945688978 -4.47588944655 4.39441185771 0.0142824788085 0.000999507442145
3.15888518142 0.634062883226 0.776858100417 -4.84898794295 3.97696611422 0.014285997582 0.000999451985782
3.17317509507 0.562236593563 0.830583107328 -5.18324526484 3.5279156522 0.0142899136565 0.000999400726755
3.18746929244 0.485898825799 0.877691727339 -5.47600356548 3.05086709586 0.0142941973634 0.000999354074553
3.20176810853 0.405656250211 0.917807254468 -5.72493961725 2.54964815747 0.014298816094 0.000999312402476
3.21607184308 0.322146827727 0.950608274107 -5.92808285608 2.0282765619 0.0143037345458 0.000999276044697
3.23038075807 0.236034815628 0.975831254911 -6.08383052965 1.49092755386 0.014308914991 0.00099924529361
3.24469507563 0.148005557498 0.993272696214 -6.19095984775 0.94190025974 0.014314317564 0.000999220397485
3.2590149762 0.0587600959286 1.00279081257 -6.24863705895 0.385583181347 0.0143199005676 0.000999201558441
3.27334059699 -0.0309903518377 1.00430674015 -6.25642340345 -0.17358089833 0.0143256207952 0.000999188930764
3.28767203086 -0.12053001369 0.997805253139 -6.21427791739 -0.731130316305 0.0143314338667 0.000999182619575
3.30200932544 -0.209144235032 0.98333498163 -6.12255708851 -1.28261995858 0.0143372945765 0.000999182679873
3.31635248269 -0.296125159998 0.961008126363 -5.98201138748 -1.82365644137 0.0143431572502 0.000999189115954
3.3307014588 -0.38077737713 0.930999669237 -5.79377872212 -2.34993277465 0.014348976108 0.000999201881218
3.34505616443 -0.462423484805 0.893546082555 -5.55937488411 -2.85726224564 0.0143547056315 0.000999220878379
3.35941646536 -0.540409531749 0.848943543862 -5.28068107893 -3.34161126865 0.014360300932 0.000999245960062
3.37378218348 -0.614110288358 0.797545667313 -4.95992864966 -3.79913095849 0.014365718116 0.000999276929807
3.38815309812 -0.682934305306 0.739760766521 -4.59968112418 -4.2261871962 0.0143709146456 0.000999313543476
3.40252894781 -0.746328717073 0.676048667898 -4.20281373255 -4.61938896896 0.0143758496905 0.000999355511042
3.41690943228 -0.803783749579 0.60691709748 -3.77249055785 -4.97561477991 0.0143804844691 0.000999402498768
3.43129421485 -0.854836893056 0.532917668086 -3.3121394987 -5.29203693881 0.0143847825739 0.000999454131766
3.44568292513 -0.899076703652 0.454641497419 -2.82542523519 -5.56614355982 0.0143887102799 0.00099950999689
3.46007516197 -0.936146199999 0.372714491246 -2.31622040277 -5.79575810961 0.0143922368324 0.000999569645973
3.47447049668 -0.965745824111 0.287792329086 -1.78857518949 -5.97905636592 0.0143953347109 0.000999632599414
3.48886847654 -0.987635939462 0.200555192855 -1.2466855822 -6.1145806646 0.014397979867 0.000999698349977
3.50326862848 -1.00163884291 0.111702281603 -0.694860496002 -6.2012513315 0.0144001519338 0.00099976636692
3.51767046288 -1.00764027122 0.0219461577586 -0.137488028506 -6.23837521446 0.0144018344046 0.0009998361003
3.53207347766 -1.00559038747 -0.067993027797 0.420998913047 -6.22565125009 0.0144030147779 0.000999906985483
3.54647716233 -0.995504236831 -0.157393383059 0.976157359157 -6.16317301976 0.0144036846693 0.000999978447799
3.56088100222 -0.977461666532 -0.245537144918 1.52356914357 -6.05142826942 0.0144038398874 0.0010000499073
3.57528448269 -0.95160670911 -0.331716521666 2.05887562849 -5.89129538871 0.0144034804724 0.0010001207836
3.58968709339 -0.918146433315 -0.415239457835 2.5778120303 -5.68403686527 0.0144026106991 0.00100019050068
3.60408833243 -0.877349271795 -0.495435271774 3.07624108747 -5.43128975176 0.0144012390415 0.00100025849176
3.61848771053 -0.829542839516 -0.571660117426 3.55018581467 -5.13505320403 0.0143993781015 0.001000324204
3.63288475503 -0.775111261579 -0.64330222336 3.99586109103 -4.79767317056 0.0143970445009 0.00100038710317
3.64727901377 -0.71449203359 -0.70978686415 4.40970383636 -4.42182433433 0.0143942587389 0.0010004466781
3.66167005879 -0.648172441966 -0.770581021732 4.78840153657 -4.01048942975 0.0143910450154 0.00100050244498
3.67605748981 -0.576685575561 -0.825197697283 5.12891888869 -3.56693607796 0.0143874310231 0.00100055395137
3.69044093752 -0.500605963556 -0.873199837534 5.42852234742 -3.09469130432 0.0143834477093 0.00100060077999
3.70482006653 -0.420544877824 -0.914203843048 5.68480236782 -2.59751392157 0.0143791290114 0.00100064255215
3.7191945781 -0.337145340771 -0.94788263001 5.89569315406 -2.07936498132 0.0143745115664 0.00100067893085
3.7335642125 -0.251076882025 -0.973968221228 6.05948974086 -1.54437651406 0.0143696344 0.00100070962355
3.74792875109 -0.163030089279 -0.992253846458 6.17486225307 -0.996818794891 0.0143645385965 0.00100073438448
3.76228801805 -0.0737109999817 -1.00259553667 6.24086720923 -0.441066387067 0.0143592669528 0.00100075301661
3.77664188167 0.0161646184236 -1.00491320145 6.25695575752 0.118436770972 0.0143538636209 0.00100076537316
3.79099025541 0.105877051541 -0.999191183377 6.2229787558 0.677212957871 0.0143483737411 0.00100077135866
3.80533309848 0.194708436156 -0.985478287696 6.13918863313 1.23078665434 0.0143428430693 0.00100077092959
3.81967041608 0.281948525681 -0.963887290257 6.00623799621 1.7747206272 0.0143373176029 0.00100076409464
3.83400225929 0.366900375973 -0.93459393088 5.82517497176 2.30465181419 0.0143318432061 0.00100075091439
3.84832872453 0.44888590584 -0.897835403644 5.59743530394 2.81632670957 0.0143264652411 0.00100073150072
3.86264995273 0.527251288155 -0.853908359535 5.32483125444 3.30563595118 0.0143212282042 0.00100070601569
3.87696612811 0.601372129439 -0.803166440666 5.00953738151 3.76864781373 0.0143161753737 0.00100067467005
3.89127747658 0.670658398044 -0.746017368819 4.65407330298 4.20164031972 0.0143113484686 0.00100063772141
3.9055842639 0.734559063563 -0.68291961426 4.26128357588 4.60113168913 0.0143067873234 0.00100059547193
3.91988679348 0.792566412854 -0.614378673757 3.83431485271 4.96390886188 0.0143025295797 0.00100054826583
3.93418540388 0.844220011013 -0.540942989367 3.37659050014 5.28705384235 0.014298610397 0.00100049648641
3.94848046606 0.889110278727 -0.463199541887 2.89178289027 5.56796763396 0.0142950621853 0.00100044055292
3.96277238042 0.926881660692 -0.381769154912 2.3837835968 5.80439155221 0.0142919143597 0.00100038091708
3.97706157354 0.957235363097 -0.297301547156 1.85667174911 5.99442572819 0.0142891931199 0.0010003180594
3.9913484948 0.979931641613 -0.210470172125 1.31468081438 6.13654463986 0.0142869212557 0.00100025248533
4.00563361277 0.994791624749 -0.121966885343 0.762164093292 6.22960953519 0.0142851179782 0.00100018472116
